100  1.99549e-11
109.699  2.16862e-11
120.338  2.35676e-11
132.009  2.56199e-11
144.812  2.78553e-11
158.857  3.02842e-11
174.263  3.29287e-11
191.164  3.58019e-11
209.705  3.89278e-11
230.043  4.23321e-11
252.354  4.60342e-11
276.829  5.00613e-11
303.677  5.44363e-11
333.129  5.91915e-11
365.438  6.4357e-11
400.881  6.99751e-11
439.76  7.60865e-11
482.411  8.27204e-11
529.198  8.99208e-11
580.523  9.77429e-11
636.825  1.06242e-10
698.588  1.15459e-10
766.341  1.25448e-10
840.665  1.36274e-10
922.198  1.47999e-10
1011.64  1.60707e-10
1109.75  1.74469e-10
1217.38  1.89346e-10
1335.45  2.0541e-10
1464.97  2.2274e-10
1607.05  2.41458e-10
1762.91  2.61651e-10
1933.89  2.83405e-10
2121.45  3.06802e-10
2327.2  3.32016e-10
2552.91  3.59026e-10
2800.5  3.87973e-10
3072.11  4.18969e-10
3370.06  4.52191e-10
3696.91  4.87587e-10
4055.46  5.25325e-10
4448.78  5.65502e-10
4880.25  6.08214e-10
5353.57  6.53543e-10
5872.79  7.0154e-10
6442.36  7.52221e-10
7067.18  8.05603e-10
7752.6  8.61901e-10
8504.49  9.20778e-10
9329.3  9.82628e-10
10234.1  1.04726e-09
11226.7  1.11472e-09
12315.5  1.18459e-09
13509.9  1.25739e-09
14820.2  1.33233e-09
16257.6  1.40997e-09
17834.3  1.48985e-09
19564  1.57179e-09
21461.4  1.65573e-09
23542.9  1.74114e-09
25826.2  1.82832e-09
28331  1.91691e-09
31078.7  2.00633e-09
34092.9  2.09698e-09
37399.4  2.18787e-09
41026.6  2.27924e-09
45005.6  2.37111e-09
49370.5  2.46254e-09
54158.7  2.55351e-09
59411.3  2.64386e-09
65173.4  2.73383e-09
71494.3  2.82216e-09
78428.2  2.90953e-09
86034.6  2.99535e-09
94378.8  3.07953e-09
103532  3.16186e-09
113573  3.24224e-09
124588  3.32008e-09
136672  3.39587e-09
149927  3.46976e-09
164468  3.5407e-09
180419  3.60902e-09
197917  3.67483e-09
217112  3.7381e-09
238169  3.79864e-09
261268  3.85658e-09
286607  3.91151e-09
314404  3.96401e-09
344896  4.01374e-09
378346  4.0611e-09
415040  4.10573e-09
455294  4.14806e-09
499451  4.18739e-09
547890  4.22502e-09
601028  4.26005e-09
659319  4.29329e-09
723263  4.32404e-09
793410  4.35296e-09
870359  4.37984e-09
954772  4.40487e-09
1.04737e+06  4.42803e-09
1.14895e+06  4.4499e-09
1.26038e+06  4.46996e-09
1.38262e+06  4.48869e-09
1.51672e+06  4.50615e-09
1.66382e+06  4.5222e-09
1.82518e+06  4.53687e-09
2.0022e+06  4.55033e-09
2.19639e+06  4.5631e-09
2.4094e+06  4.5748e-09
2.64308e+06  4.58549e-09
2.89942e+06  4.59526e-09
3.18063e+06  4.60418e-09
3.4891e+06  4.61232e-09
3.82749e+06  4.61997e-09
4.19871e+06  4.62706e-09
4.60592e+06  4.63353e-09
5.05263e+06  4.63944e-09
5.54266e+06  4.64484e-09
6.08022e+06  4.64976e-09
6.66992e+06  4.65426e-09
7.31681e+06  4.65836e-09
8.02643e+06  4.66211e-09
8.80488e+06  4.66557e-09
9.65883e+06  4.66876e-09
1.05956e+07  4.67168e-09
1.16232e+07  4.67434e-09
1.27505e+07  4.67677e-09
1.39871e+07  4.67899e-09
1.53437e+07  4.68102e-09
1.68318e+07  4.68287e-09
1.84642e+07  4.68456e-09
2.0255e+07  4.68611e-09
2.22195e+07  4.68752e-09
2.43744e+07  4.68881e-09
2.67384e+07  4.68999e-09
2.93317e+07  4.69106e-09
3.21764e+07  4.69204e-09
3.52971e+07  4.69293e-09
3.87204e+07  4.69374e-09
4.24757e+07  4.69447e-09
4.65953e+07  4.69515e-09
5.11143e+07  4.69576e-09
5.60717e+07  4.69633e-09
6.15099e+07  4.69685e-09
6.74754e+07  4.69732e-09
7.40196e+07  4.69775e-09
8.11984e+07  4.69815e-09
8.90735e+07  4.69851e-09
9.77124e+07  4.69884e-09
1.07189e+08  4.69914e-09
1.17585e+08  4.69942e-09
1.28989e+08  4.69967e-09
1.41499e+08  4.6999e-09
1.55223e+08  4.70011e-09
1.70277e+08  4.7003e-09
1.86791e+08  4.70047e-09
2.04907e+08  4.70063e-09
2.24781e+08  4.70078e-09
2.46581e+08  4.70091e-09
2.70496e+08  4.70104e-09
2.9673e+08  4.70115e-09
3.25509e+08  4.70125e-09
3.57079e+08  4.70134e-09
3.9171e+08  4.70142e-09
4.297e+08  4.7015e-09
4.71375e+08  4.70157e-09
5.17092e+08  4.70163e-09
5.67243e+08  4.70169e-09
6.22257e+08  4.70174e-09
6.82607e+08  4.70179e-09
7.4881e+08  4.70183e-09
8.21434e+08  4.70187e-09
9.01102e+08  4.7019e-09
9.88496e+08  4.70193e-09
1.08437e+09  4.70196e-09
1.18953e+09  4.70199e-09
1.3049e+09  4.70201e-09
1.43146e+09  4.70203e-09
1.57029e+09  4.70205e-09
1.72259e+09  4.70207e-09
1.88965e+09  4.70208e-09
2.07292e+09  4.70209e-09
2.27397e+09  4.7021e-09
2.49451e+09  4.70211e-09
2.73644e+09  4.70212e-09
3.00184e+09  4.70212e-09
3.29297e+09  4.70213e-09
3.61234e+09  4.70213e-09
3.96269e+09  4.70213e-09
4.34701e+09  4.70213e-09
4.76861e+09  4.70213e-09
5.2311e+09  4.70212e-09
5.73844e+09  4.70212e-09
6.29499e+09  4.70211e-09
6.90551e+09  4.70211e-09
7.57525e+09  4.7021e-09
8.30994e+09  4.7021e-09
9.11589e+09  4.70209e-09
1e+10  4.70211e-09
