100  2.61369e-12
109.699  2.8738e-12
120.338  3.15921e-12
132.009  3.47225e-12
144.812  3.81603e-12
158.857  4.19311e-12
174.263  4.60725e-12
191.164  5.06098e-12
209.705  5.55916e-12
230.043  6.10587e-12
252.354  6.70472e-12
276.829  7.36214e-12
303.677  8.08287e-12
333.129  8.87399e-12
365.438  9.7411e-12
400.881  1.06919e-11
439.76  1.17351e-11
482.411  1.28777e-11
529.198  1.41307e-11
580.523  1.55039e-11
636.825  1.70092e-11
698.588  1.86586e-11
766.341  2.0464e-11
840.665  2.24419e-11
922.198  2.46074e-11
1011.64  2.69762e-11
1109.75  2.9567e-11
1217.38  3.24055e-11
1335.45  3.55096e-11
1464.97  3.89047e-11
1607.05  4.26181e-11
1762.91  4.66747e-11
1933.89  5.11045e-11
2121.45  5.59454e-11
2327.2  6.1227e-11
2552.91  6.69891e-11
2800.5  7.32769e-11
3072.11  8.01344e-11
3370.06  8.76083e-11
3696.91  9.57426e-11
4055.46  1.04611e-10
4448.78  1.14254e-10
4880.25  1.24744e-10
5353.57  1.36141e-10
5872.79  1.48518e-10
6442.36  1.61945e-10
7067.18  1.7649e-10
7752.6  1.92274e-10
8504.49  2.09372e-10
9329.3  2.2785e-10
10234.1  2.4782e-10
11226.7  2.69349e-10
12315.5  2.92585e-10
13509.9  3.17622e-10
14820.2  3.44532e-10
16257.6  3.73385e-10
17834.3  4.0441e-10
19564  4.37628e-10
21461.4  4.73148e-10
23542.9  5.11177e-10
25826.2  5.5177e-10
28331  5.95014e-10
31078.7  6.41197e-10
34092.9  6.90284e-10
37399.4  7.42413e-10
41026.6  7.97843e-10
45005.6  8.56422e-10
49370.5  9.18537e-10
54158.7  9.83944e-10
59411.3  1.05309e-09
65173.4  1.12569e-09
71494.3  1.20222e-09
78428.2  1.2825e-09
86034.6  1.36707e-09
94378.8  1.45576e-09
103532  1.54893e-09
113573  1.64636e-09
124588  1.74817e-09
136672  1.8544e-09
149927  1.96517e-09
164468  2.08033e-09
180419  2.20034e-09
197917  2.3253e-09
217112  2.45594e-09
238169  2.59165e-09
261268  2.73284e-09
286607  2.87909e-09
314404  3.03069e-09
344896  3.18749e-09
378346  3.34994e-09
415040  3.51868e-09
455294  3.69438e-09
499451  3.87641e-09
547890  4.06481e-09
601028  4.25916e-09
659319  4.4597e-09
723263  4.66673e-09
793410  4.88143e-09
870359  5.10508e-09
954772  5.33615e-09
1.04737e+06  5.57481e-09
1.14895e+06  5.8209e-09
1.26038e+06  6.07393e-09
1.38262e+06  6.33532e-09
1.51672e+06  6.60669e-09
1.66382e+06  6.88848e-09
1.82518e+06  7.17949e-09
2.0022e+06  7.47969e-09
2.19639e+06  7.78783e-09
2.4094e+06  8.10508e-09
2.64308e+06  8.4339e-09
2.89942e+06  8.77553e-09
3.18063e+06  9.12885e-09
3.4891e+06  9.49312e-09
3.82749e+06  9.86695e-09
4.19871e+06  1.02511e-08
4.60592e+06  1.06476e-08
5.05263e+06  1.10597e-08
5.54266e+06  1.1487e-08
6.08022e+06  1.19273e-08
6.66992e+06  1.23793e-08
7.31681e+06  1.28427e-08
8.02643e+06  1.33199e-08
8.80488e+06  1.38154e-08
9.65883e+06  1.43296e-08
1.05956e+07  1.4859e-08
1.16232e+07  1.54028e-08
1.27505e+07  1.59594e-08
1.39871e+07  1.65314e-08
1.53437e+07  1.71248e-08
1.68318e+07  1.77404e-08
1.84642e+07  1.83746e-08
2.0255e+07  1.90249e-08
2.22195e+07  1.96906e-08
2.43744e+07  2.03732e-08
2.67384e+07  2.10808e-08
2.93317e+07  2.18149e-08
3.21764e+07  2.25726e-08
3.52971e+07  2.33499e-08
3.87204e+07  2.41435e-08
4.24757e+07  2.49597e-08
4.65953e+07  2.5804e-08
5.11143e+07  2.66789e-08
5.60717e+07  2.75787e-08
6.15099e+07  2.85027e-08
6.74754e+07  2.94459e-08
7.40196e+07  3.04127e-08
8.11984e+07  3.1414e-08
8.90735e+07  3.24513e-08
9.77124e+07  3.35179e-08
1.07189e+08  3.46117e-08
1.17585e+08  3.57267e-08
1.28989e+08  3.68711e-08
1.41499e+08  3.8056e-08
1.55223e+08  3.92841e-08
1.70277e+08  4.05469e-08
1.86791e+08  4.18367e-08
2.04907e+08  4.3156e-08
2.24781e+08  4.4508e-08
2.46581e+08  4.59076e-08
2.70496e+08  4.73569e-08
2.9673e+08  4.88449e-08
3.25509e+08  5.03611e-08
3.57079e+08  5.19118e-08
3.9171e+08  5.35043e-08
4.297e+08  5.5154e-08
4.71375e+08  5.68602e-08
5.17092e+08  5.86094e-08
5.67243e+08  6.03948e-08
6.22257e+08  6.22154e-08
6.82607e+08  6.40887e-08
7.4881e+08  6.60318e-08
8.21434e+08  6.80348e-08
9.01102e+08  7.00839e-08
9.88496e+08  7.2173e-08
1.08437e+09  7.43069e-08
1.18953e+09  7.65058e-08
1.3049e+09  7.87852e-08
1.43146e+09  8.1132e-08
1.57029e+09  8.35255e-08
1.72259e+09  8.59696e-08
1.88965e+09  8.84674e-08
2.07292e+09  9.10436e-08
2.27397e+09  9.37145e-08
2.49451e+09  9.64578e-08
2.73644e+09  9.92557e-08
3.00184e+09  1.02106e-07
3.29297e+09  1.05023e-07
3.61234e+09  1.08042e-07
3.96269e+09  1.11162e-07
4.34701e+09  1.14358e-07
4.76861e+09  1.17612e-07
5.2311e+09  1.20924e-07
5.73844e+09  1.24328e-07
6.29499e+09  1.27855e-07
6.90551e+09  1.31487e-07
7.57525e+09  1.35205e-07
8.30994e+09  1.38981e-07
9.11589e+09  1.42838e-07
1e+10  1.46806e-07
