100  2.23069e-11
109.699  2.47539e-11
120.338  2.72628e-11
132.009  3.01805e-11
144.812  3.33008e-11
158.857  3.64466e-11
174.263  4.0322e-11
191.164  4.44831e-11
209.705  4.86696e-11
230.043  5.31963e-11
252.354  5.90201e-11
276.829  6.49365e-11
303.677  7.10147e-11
333.129  7.75983e-11
365.438  8.4777e-11
400.881  9.28743e-11
439.76  1.0288e-10
482.411  1.12879e-10
529.198  1.23265e-10
580.523  1.34584e-10
636.825  1.46901e-10
698.588  1.60293e-10
766.341  1.74849e-10
840.665  1.90655e-10
922.198  2.07847e-10
1011.64  2.26539e-10
1109.75  2.46864e-10
1217.38  2.68897e-10
1335.45  2.93028e-10
1464.97  3.23095e-10
1607.05  3.53607e-10
1762.91  3.84544e-10
1933.89  4.1786e-10
2121.45  4.53712e-10
2327.2  4.92263e-10
2552.91  5.34015e-10
2800.5  5.78877e-10
3072.11  6.26883e-10
3370.06  6.78347e-10
3696.91  7.33803e-10
4055.46  7.9285e-10
4448.78  8.55706e-10
4880.25  9.23231e-10
5353.57  9.94772e-10
5872.79  1.07079e-09
6442.36  1.15185e-09
7067.18  1.23744e-09
7752.6  1.32867e-09
8504.49  1.42466e-09
9329.3  1.52652e-09
10234.1  1.63338e-09
11226.7  1.74616e-09
12315.5  1.86434e-09
13509.9  1.98807e-09
14820.2  2.11863e-09
16257.6  2.25507e-09
17834.3  2.39739e-09
19564  2.54726e-09
21461.4  2.70293e-09
23542.9  2.86394e-09
25826.2  3.03222e-09
28331  3.2074e-09
31078.7  3.38973e-09
34092.9  3.57922e-09
37399.4  3.77543e-09
41026.6  3.97789e-09
45005.6  4.18758e-09
49370.5  4.40457e-09
54158.7  4.62908e-09
59411.3  4.86214e-09
65173.4  5.10359e-09
71494.3  5.35271e-09
78428.2  5.60909e-09
86034.6  5.87277e-09
94378.8  6.14502e-09
103532  6.4276e-09
113573  6.72039e-09
124588  7.02255e-09
136672  7.33304e-09
149927  7.65279e-09
164468  7.98438e-09
180419  8.32853e-09
197917  8.68385e-09
217112  9.05006e-09
238169  9.42624e-09
261268  9.81215e-09
286607  1.02147e-08
314404  1.06333e-08
344896  1.10648e-08
378346  1.15091e-08
415040  1.19645e-08
455294  1.24336e-08
499451  1.29242e-08
547890  1.34314e-08
601028  1.39538e-08
659319  1.4491e-08
723263  1.50431e-08
793410  1.56153e-08
870359  1.62078e-08
954772  1.68187e-08
1.04737e+06  1.74517e-08
1.14895e+06  1.81036e-08
1.26038e+06  1.87708e-08
1.38262e+06  1.9458e-08
1.51672e+06  2.01685e-08
1.66382e+06  2.09119e-08
1.82518e+06  2.16754e-08
2.0022e+06  2.24555e-08
2.19639e+06  2.32521e-08
2.4094e+06  2.40763e-08
2.64308e+06  2.49394e-08
2.89942e+06  2.58258e-08
3.18063e+06  2.67348e-08
3.4891e+06  2.76626e-08
3.82749e+06  2.86194e-08
4.19871e+06  2.96112e-08
4.60592e+06  3.06319e-08
5.05263e+06  3.16895e-08
5.54266e+06  3.27798e-08
6.08022e+06  3.38912e-08
6.66992e+06  3.503e-08
7.31681e+06  3.62075e-08
8.02643e+06  3.74365e-08
8.80488e+06  3.86958e-08
9.65883e+06  3.99811e-08
1.05956e+07  4.12893e-08
1.16232e+07  4.26473e-08
1.27505e+07  4.4055e-08
1.39871e+07  4.54976e-08
1.53437e+07  4.69857e-08
1.68318e+07  4.85111e-08
1.84642e+07  5.00675e-08
2.0255e+07  5.1666e-08
2.22195e+07  5.33299e-08
2.43744e+07  5.50506e-08
2.67384e+07  5.6808e-08
2.93317e+07  5.85899e-08
3.21764e+07  6.04193e-08
3.52971e+07  6.23302e-08
3.87204e+07  6.42893e-08
4.24757e+07  6.63007e-08
4.65953e+07  6.83696e-08
5.11143e+07  7.04793e-08
5.60717e+07  7.26373e-08
6.15099e+07  7.48691e-08
6.74754e+07  7.71948e-08
7.40196e+07  7.95679e-08
8.11984e+07  8.19803e-08
8.90735e+07  8.44347e-08
9.77124e+07  8.69955e-08
1.07189e+08  8.96331e-08
1.17585e+08  9.23341e-08
1.28989e+08  9.51132e-08
1.41499e+08  9.79519e-08
1.55223e+08  1.00837e-07
1.70277e+08  1.03816e-07
1.86791e+08  1.06932e-07
2.04907e+08  1.10105e-07
2.24781e+08  1.13332e-07
2.46581e+08  1.16616e-07
2.70496e+08  1.20028e-07
2.9673e+08  1.23537e-07
3.25509e+08  1.27138e-07
3.57079e+08  1.30857e-07
3.9171e+08  1.3464e-07
4.297e+08  1.38471e-07
4.71375e+08  1.42429e-07
5.17092e+08  1.4657e-07
5.67243e+08  1.50777e-07
6.22257e+08  1.55059e-07
6.82607e+08  1.59451e-07
7.4881e+08  1.63953e-07
8.21434e+08  1.68571e-07
9.01102e+08  1.73376e-07
9.88496e+08  1.78295e-07
1.08437e+09  1.83284e-07
1.18953e+09  1.88343e-07
1.3049e+09  1.93586e-07
1.43146e+09  1.99022e-07
1.57029e+09  2.04567e-07
1.72259e+09  2.10234e-07
1.88965e+09  2.16038e-07
2.07292e+09  2.21954e-07
2.27397e+09  2.28023e-07
2.49451e+09  2.34421e-07
2.73644e+09  2.40873e-07
3.00184e+09  2.46869e-07
3.29297e+09  2.51915e-07
3.61234e+09  2.55894e-07
3.96269e+09  2.58821e-07
4.34701e+09  2.60583e-07
4.76861e+09  2.61247e-07
5.2311e+09  2.61239e-07
5.73844e+09  2.61232e-07
6.29499e+09  2.61314e-07
6.90551e+09  2.61417e-07
7.57525e+09  2.61511e-07
8.30994e+09  2.61596e-07
9.11589e+09  2.61674e-07
1e+10  2.61746e-07
