100  2.07095e-14
109.699  2.51121e-14
120.338  3.02393e-14
132.009  3.63775e-14
144.812  4.3604e-14
158.857  5.18908e-14
174.263  6.18021e-14
191.164  7.33269e-14
209.705  8.65049e-14
230.043  1.01642e-13
252.354  1.19522e-13
276.829  1.39935e-13
303.677  1.63165e-13
333.129  1.89327e-13
365.438  2.19188e-13
400.881  2.53745e-13
439.76  2.93168e-13
482.411  3.37314e-13
529.198  3.86926e-13
580.523  4.42875e-13
636.825  5.05492e-13
698.588  5.75862e-13
766.341  6.55854e-13
840.665  7.45431e-13
922.198  8.46262e-13
1011.64  9.58929e-13
1109.75  1.08367e-12
1217.38  1.22286e-12
1335.45  1.37807e-12
1464.97  1.54982e-12
1607.05  1.74034e-12
1762.91  1.95235e-12
1933.89  2.18948e-12
2121.45  2.451e-12
2327.2  2.74301e-12
2552.91  3.0639e-12
2800.5  3.4175e-12
3072.11  3.80839e-12
3370.06  4.23733e-12
3696.91  4.7074e-12
4055.46  5.22258e-12
4448.78  5.7896e-12
4880.25  6.40681e-12
5353.57  7.0868e-12
5872.79  7.83351e-12
6442.36  8.64551e-12
7067.18  9.53741e-12
7752.6  1.0503e-11
8504.49  1.15503e-11
9329.3  1.26905e-11
10234.1  1.39148e-11
11226.7  1.52433e-11
12315.5  1.66713e-11
13509.9  1.82174e-11
14820.2  1.98867e-11
16257.6  2.1687e-11
17834.3  2.36393e-11
19564  2.57159e-11
21461.4  2.79505e-11
23542.9  3.03163e-11
25826.2  3.28472e-11
28331  3.55318e-11
31078.7  3.83826e-11
34092.9  4.14405e-11
37399.4  4.47038e-11
41026.6  4.81875e-11
45005.6  5.18685e-11
49370.5  5.57257e-11
54158.7  5.98168e-11
59411.3  6.41025e-11
65173.4  6.86241e-11
71494.3  7.34359e-11
78428.2  7.85213e-11
86034.6  8.38748e-11
94378.8  8.94679e-11
103532  9.53344e-11
113573  1.01461e-10
124588  1.07855e-10
136672  1.14598e-10
149927  1.21729e-10
164468  1.29203e-10
180419  1.36998e-10
197917  1.45083e-10
217112  1.53455e-10
238169  1.62212e-10
261268  1.7142e-10
286607  1.8112e-10
314404  1.91217e-10
344896  2.0166e-10
378346  2.12456e-10
415040  2.23707e-10
455294  2.35496e-10
499451  2.4786e-10
547890  2.60729e-10
601028  2.74033e-10
659319  2.87765e-10
723263  3.01917e-10
793410  3.16765e-10
870359  3.32403e-10
954772  3.4861e-10
1.04737e+06  3.65363e-10
1.14895e+06  3.8262e-10
1.26038e+06  4.00333e-10
1.38262e+06  4.18872e-10
1.51672e+06  4.38418e-10
1.66382e+06  4.5862e-10
1.82518e+06  4.79494e-10
2.0022e+06  5.00905e-10
2.19639e+06  5.22884e-10
2.4094e+06  5.45963e-10
2.64308e+06  5.70093e-10
2.89942e+06  5.95045e-10
3.18063e+06  6.20791e-10
3.4891e+06  6.47134e-10
3.82749e+06  6.74274e-10
4.19871e+06  7.02703e-10
4.60592e+06  7.32176e-10
5.05263e+06  7.62879e-10
5.54266e+06  7.94525e-10
6.08022e+06  8.26912e-10
6.66992e+06  8.60302e-10
7.31681e+06  8.94891e-10
8.02643e+06  9.31116e-10
8.80488e+06  9.68689e-10
9.65883e+06  1.00718e-09
1.05956e+07  1.04638e-09
1.16232e+07  1.08672e-09
1.27505e+07  1.12921e-09
1.39871e+07  1.17319e-09
1.53437e+07  1.21852e-09
1.68318e+07  1.26484e-09
1.84642e+07  1.31231e-09
2.0255e+07  1.36167e-09
2.22195e+07  1.41268e-09
2.43744e+07  1.46574e-09
2.67384e+07  1.5206e-09
2.93317e+07  1.57645e-09
3.21764e+07  1.63358e-09
3.52971e+07  1.69245e-09
3.87204e+07  1.75448e-09
4.24757e+07  1.81838e-09
4.65953e+07  1.88384e-09
5.11143e+07  1.95029e-09
5.60717e+07  2.01879e-09
6.15099e+07  2.09028e-09
6.74754e+07  2.16387e-09
7.40196e+07  2.24014e-09
8.11984e+07  2.31838e-09
8.90735e+07  2.39788e-09
9.77124e+07  2.47952e-09
1.07189e+08  2.56469e-09
1.17585e+08  2.65317e-09
1.28989e+08  2.74386e-09
1.41499e+08  2.83587e-09
1.55223e+08  2.9301e-09
1.70277e+08  3.02824e-09
1.86791e+08  3.12927e-09
2.04907e+08  3.23393e-09
2.24781e+08  3.34161e-09
2.46581e+08  3.45088e-09
2.70496e+08  3.56237e-09
2.9673e+08  3.67826e-09
3.25509e+08  3.79914e-09
3.57079e+08  3.92276e-09
3.9171e+08  4.04877e-09
4.297e+08  4.17697e-09
4.71375e+08  4.31008e-09
5.17092e+08  4.4473e-09
5.67243e+08  4.589e-09
6.22257e+08  4.7354e-09
6.82607e+08  4.88403e-09
7.4881e+08  5.03433e-09
8.21434e+08  5.19064e-09
9.01102e+08  5.35397e-09
9.88496e+08  5.52015e-09
1.08437e+09  5.69028e-09
1.18953e+09  5.86435e-09
1.3049e+09  6.04239e-09
1.43146e+09  6.22565e-09
1.57029e+09  6.41738e-09
1.72259e+09  6.61327e-09
1.88965e+09  6.81237e-09
2.07292e+09  7.01376e-09
2.27397e+09  7.22321e-09
2.49451e+09  7.44179e-09
2.73644e+09  7.66545e-09
3.00184e+09  7.88913e-09
3.29297e+09  8.08587e-09
3.61234e+09  8.24851e-09
3.96269e+09  8.37733e-09
4.34701e+09  8.46794e-09
4.76861e+09  8.52256e-09
5.2311e+09  8.53825e-09
5.73844e+09  8.53798e-09
6.29499e+09  8.54102e-09
6.90551e+09  8.54459e-09
7.57525e+09  8.54786e-09
8.30994e+09  8.55083e-09
9.11589e+09  8.55354e-09
1e+10  8.55602e-09
