100  7.56045e-11
109.699  8.2658e-11
120.338  9.03617e-11
132.009  9.8785e-11
144.812  1.08004e-10
158.857  1.18079e-10
174.263  1.29081e-10
191.164  1.41133e-10
209.705  1.54299e-10
230.043  1.68703e-10
252.354  1.84457e-10
276.829  2.01674e-10
303.677  2.2049e-10
333.129  2.41085e-10
365.438  2.63587e-10
400.881  2.88154e-10
439.76  3.15045e-10
482.411  3.44417e-10
529.198  3.76536e-10
580.523  4.11623e-10
636.825  4.49921e-10
698.588  4.91781e-10
766.341  5.37478e-10
840.665  5.87333e-10
922.198  6.41796e-10
1011.64  7.01243e-10
1109.75  7.66122e-10
1217.38  8.36946e-10
1335.45  9.14118e-10
1464.97  9.98247e-10
1607.05  1.08997e-09
1762.91  1.18978e-09
1933.89  1.29848e-09
2121.45  1.41683e-09
2327.2  1.5456e-09
2552.91  1.68565e-09
2800.5  1.8377e-09
3072.11  2.00297e-09
3370.06  2.18226e-09
3696.91  2.37671e-09
4055.46  2.58769e-09
4448.78  2.81625e-09
4880.25  3.0635e-09
5353.57  3.33091e-09
5872.79  3.6195e-09
6442.36  3.93179e-09
7067.18  4.26885e-09
7752.6  4.63185e-09
8504.49  5.02247e-09
9329.3  5.44258e-09
10234.1  5.89473e-09
11226.7  6.37939e-09
12315.5  6.89805e-09
13509.9  7.4538e-09
14820.2  8.04844e-09
16257.6  8.68229e-09
17834.3  9.35836e-09
19564  1.00787e-08
21461.4  1.08439e-08
23542.9  1.16591e-08
25826.2  1.25239e-08
28331  1.34405e-08
31078.7  1.44137e-08
34092.9  1.54398e-08
37399.4  1.65256e-08
41026.6  1.76674e-08
45005.6  1.88712e-08
49370.5  2.01353e-08
54158.7  2.14661e-08
59411.3  2.28635e-08
65173.4  2.43304e-08
71494.3  2.58712e-08
78428.2  2.7481e-08
86034.6  2.9165e-08
94378.8  3.0921e-08
103532  3.27484e-08
113573  3.46552e-08
124588  3.66412e-08
136672  3.87151e-08
149927  4.0877e-08
164468  4.31229e-08
180419  4.54501e-08
197917  4.78621e-08
217112  5.03546e-08
238169  5.29436e-08
261268  5.56329e-08
286607  5.84232e-08
314404  6.13181e-08
344896  6.43079e-08
378346  6.73945e-08
415040  7.05767e-08
455294  7.38654e-08
499451  7.72832e-08
547890  8.08272e-08
601028  8.44955e-08
659319  8.82807e-08
723263  9.2175e-08
793410  9.61825e-08
870359  1.00338e-07
954772  1.04657e-07
1.04737e+06  1.09136e-07
1.14895e+06  1.1375e-07
1.26038e+06  1.18506e-07
1.38262e+06  1.23399e-07
1.51672e+06  1.28447e-07
1.66382e+06  1.33698e-07
1.82518e+06  1.39156e-07
2.0022e+06  1.44787e-07
2.19639e+06  1.50584e-07
2.4094e+06  1.56545e-07
2.64308e+06  1.62695e-07
2.89942e+06  1.6908e-07
3.18063e+06  1.7571e-07
3.4891e+06  1.82553e-07
3.82749e+06  1.89603e-07
4.19871e+06  1.96841e-07
4.60592e+06  2.04296e-07
5.05263e+06  2.12033e-07
5.54266e+06  2.20069e-07
6.08022e+06  2.28368e-07
6.66992e+06  2.3691e-07
7.31681e+06  2.45656e-07
8.02643e+06  2.54662e-07
8.80488e+06  2.64004e-07
9.65883e+06  2.73703e-07
1.05956e+07  2.83712e-07
1.16232e+07  2.94017e-07
1.27505e+07  3.04533e-07
1.39871e+07  3.15353e-07
1.53437e+07  3.26571e-07
1.68318e+07  3.3822e-07
1.84642e+07  3.50232e-07
2.0255e+07  3.62566e-07
2.22195e+07  3.7517e-07
2.43744e+07  3.88106e-07
2.67384e+07  4.01504e-07
2.93317e+07  4.15423e-07
3.21764e+07  4.29789e-07
3.52971e+07  4.44537e-07
3.87204e+07  4.59588e-07
4.24757e+07  4.75073e-07
4.65953e+07  4.9109e-07
5.11143e+07  5.07689e-07
5.60717e+07  5.24773e-07
6.15099e+07  5.42316e-07
6.74754e+07  5.60217e-07
7.40196e+07  5.78572e-07
8.11984e+07  5.97583e-07
8.90735e+07  6.17279e-07
9.77124e+07  6.37526e-07
1.07189e+08  6.58307e-07
1.17585e+08  6.79482e-07
1.28989e+08  7.01217e-07
1.41499e+08  7.23726e-07
1.55223e+08  7.47052e-07
1.70277e+08  7.71043e-07
1.86791e+08  7.95552e-07
2.04907e+08  8.20605e-07
2.24781e+08  8.46292e-07
2.46581e+08  8.72884e-07
2.70496e+08  9.00423e-07
2.9673e+08  9.28701e-07
3.25509e+08  9.57517e-07
3.57079e+08  9.86978e-07
3.9171e+08  1.01724e-06
4.297e+08  1.04859e-06
4.71375e+08  1.08101e-06
5.17092e+08  1.11426e-06
5.67243e+08  1.14818e-06
6.22257e+08  1.18279e-06
6.82607e+08  1.21839e-06
7.4881e+08  1.25532e-06
8.21434e+08  1.2934e-06
9.01102e+08  1.33235e-06
9.88496e+08  1.37203e-06
1.08437e+09  1.41258e-06
1.18953e+09  1.45437e-06
1.3049e+09  1.49771e-06
1.43146e+09  1.54231e-06
1.57029e+09  1.58781e-06
1.72259e+09  1.63426e-06
1.88965e+09  1.68173e-06
2.07292e+09  1.7307e-06
2.27397e+09  1.78146e-06
2.49451e+09  1.8336e-06
2.73644e+09  1.88675e-06
3.00184e+09  1.94092e-06
3.29297e+09  1.99638e-06
3.61234e+09  2.05377e-06
3.96269e+09  2.11308e-06
4.34701e+09  2.17383e-06
4.76861e+09  2.23569e-06
5.2311e+09  2.29863e-06
5.73844e+09  2.36335e-06
6.29499e+09  2.43039e-06
6.90551e+09  2.49944e-06
7.57525e+09  2.57009e-06
8.30994e+09  2.64187e-06
9.11589e+09  2.71516e-06
1e+10  2.79061e-06
