100  9.60169e-12
109.699  1.05519e-11
120.338  1.15944e-11
132.009  1.27387e-11
144.812  1.39932e-11
158.857  1.53716e-11
174.263  1.68828e-11
191.164  1.85403e-11
209.705  2.0359e-11
230.043  2.23522e-11
252.354  2.45413e-11
276.829  2.69406e-11
303.677  2.95733e-11
333.129  3.24607e-11
365.438  3.56254e-11
400.881  3.90972e-11
439.76  4.29011e-11
482.411  4.70713e-11
529.198  5.16445e-11
580.523  5.6652e-11
636.825  6.21387e-11
698.588  6.81504e-11
766.341  7.47288e-11
840.665  8.19292e-11
922.198  8.98189e-11
1011.64  9.84483e-11
1109.75  1.07887e-10
1217.38  1.18225e-10
1335.45  1.29523e-10
1464.97  1.41867e-10
1607.05  1.55372e-10
1762.91  1.70119e-10
1933.89  1.86221e-10
2121.45  2.03826e-10
2327.2  2.23033e-10
2552.91  2.43996e-10
2800.5  2.66863e-10
3072.11  2.9178e-10
3370.06  3.1894e-10
3696.91  3.48494e-10
4055.46  3.80682e-10
4448.78  4.15668e-10
4880.25  4.53766e-10
5353.57  4.95123e-10
5872.79  5.4003e-10
6442.36  5.8876e-10
7067.18  6.41546e-10
7752.6  6.98808e-10
8504.49  7.6077e-10
9329.3  8.27693e-10
10234.1  9.00001e-10
11226.7  9.78061e-10
12315.5  1.06214e-09
13509.9  1.15268e-09
14820.2  1.25001e-09
16257.6  1.35457e-09
17834.3  1.46665e-09
19564  1.58684e-09
21461.4  1.71547e-09
23542.9  1.8529e-09
25826.2  1.99985e-09
28331  2.15657e-09
31078.7  2.3236e-09
34092.9  2.50136e-09
37399.4  2.69017e-09
41026.6  2.89071e-09
45005.6  3.10295e-09
49370.5  3.32767e-09
54158.7  3.56475e-09
59411.3  3.8149e-09
65173.4  4.07848e-09
71494.3  4.35572e-09
78428.2  4.64763e-09
86034.6  4.95456e-09
94378.8  5.27751e-09
103532  5.61576e-09
113573  5.97045e-09
124588  6.34092e-09
136672  6.72786e-09
149927  7.1311e-09
164468  7.55091e-09
180419  7.98937e-09
197917  8.44653e-09
217112  8.92391e-09
238169  9.42027e-09
261268  9.93695e-09
286607  1.04727e-08
314404  1.10276e-08
344896  1.16026e-08
378346  1.21993e-08
415040  1.28197e-08
455294  1.34655e-08
499451  1.41343e-08
547890  1.48274e-08
601028  1.55427e-08
659319  1.62811e-08
723263  1.7045e-08
793410  1.78381e-08
870359  1.86627e-08
954772  1.95166e-08
1.04737e+06  2.03985e-08
1.14895e+06  2.13065e-08
1.26038e+06  2.22435e-08
1.38262e+06  2.32108e-08
1.51672e+06  2.42162e-08
1.66382e+06  2.52597e-08
1.82518e+06  2.63389e-08
2.0022e+06  2.74501e-08
2.19639e+06  2.85947e-08
2.4094e+06  2.97726e-08
2.64308e+06  3.09932e-08
2.89942e+06  3.22614e-08
3.18063e+06  3.35751e-08
3.4891e+06  3.49287e-08
3.82749e+06  3.63217e-08
4.19871e+06  3.77516e-08
4.60592e+06  3.92278e-08
5.05263e+06  4.07629e-08
5.54266e+06  4.23535e-08
6.08022e+06  4.39933e-08
6.66992e+06  4.56807e-08
7.31681e+06  4.74086e-08
8.02643e+06  4.9193e-08
8.80488e+06  5.10435e-08
9.65883e+06  5.29626e-08
1.05956e+07  5.49398e-08
1.16232e+07  5.69717e-08
1.27505e+07  5.90559e-08
1.39871e+07  6.11996e-08
1.53437e+07  6.34207e-08
1.68318e+07  6.57251e-08
1.84642e+07  6.80996e-08
2.0255e+07  7.05374e-08
2.22195e+07  7.30324e-08
2.43744e+07  7.5594e-08
2.67384e+07  7.82478e-08
2.93317e+07  8.10028e-08
3.21764e+07  8.38458e-08
3.52971e+07  8.67634e-08
3.87204e+07  8.97555e-08
4.24757e+07  9.28249e-08
4.65953e+07  9.5998e-08
5.11143e+07  9.92871e-08
5.60717e+07  1.02672e-07
6.15099e+07  1.0615e-07
6.74754e+07  1.09701e-07
7.40196e+07  1.13348e-07
8.11984e+07  1.17117e-07
8.90735e+07  1.21029e-07
9.77124e+07  1.25058e-07
1.07189e+08  1.29185e-07
1.17585e+08  1.33396e-07
1.28989e+08  1.37718e-07
1.41499e+08  1.42191e-07
1.55223e+08  1.46829e-07
1.70277e+08  1.51597e-07
1.86791e+08  1.56477e-07
2.04907e+08  1.61467e-07
2.24781e+08  1.6658e-07
2.46581e+08  1.71875e-07
2.70496e+08  1.77358e-07
2.9673e+08  1.82991e-07
3.25509e+08  1.88758e-07
3.57079e+08  1.9464e-07
3.9171e+08  2.00677e-07
4.297e+08  2.06927e-07
4.71375e+08  2.13397e-07
5.17092e+08  2.20031e-07
5.67243e+08  2.26806e-07
6.22257e+08  2.33723e-07
6.82607e+08  2.40829e-07
7.4881e+08  2.48204e-07
8.21434e+08  2.55809e-07
9.01102e+08  2.63624e-07
9.88496e+08  2.71584e-07
1.08437e+09  2.79699e-07
1.18953e+09  2.88066e-07
1.3049e+09  2.96738e-07
1.43146e+09  3.05668e-07
1.57029e+09  3.14791e-07
1.72259e+09  3.24114e-07
1.88965e+09  3.33632e-07
2.07292e+09  3.43446e-07
2.27397e+09  3.53621e-07
2.49451e+09  3.64082e-07
2.73644e+09  3.74765e-07
3.00184e+09  3.85648e-07
3.29297e+09  3.96782e-07
3.61234e+09  4.08295e-07
3.96269e+09  4.20203e-07
4.34701e+09  4.32415e-07
4.76861e+09  4.44887e-07
5.2311e+09  4.57579e-07
5.73844e+09  4.70595e-07
6.29499e+09  4.84062e-07
6.90551e+09  4.9797e-07
7.57525e+09  5.12199e-07
8.30994e+09  5.26673e-07
9.11589e+09  5.41438e-07
1e+10  5.56613e-07
