100  1.52785e-11
109.699  1.67041e-11
120.338  1.82609e-11
132.009  1.99663e-11
144.812  2.18309e-11
158.857  2.38678e-11
174.263  2.60958e-11
191.164  2.85342e-11
209.705  3.11974e-11
230.043  3.41154e-11
252.354  3.73051e-11
276.829  4.07903e-11
303.677  4.4604e-11
333.129  4.87763e-11
365.438  5.33341e-11
400.881  5.83162e-11
439.76  6.37691e-11
482.411  6.97246e-11
529.198  7.62429e-11
580.523  8.33636e-11
636.825  9.11374e-11
698.588  9.96413e-11
766.341  1.08928e-10
840.665  1.19062e-10
922.198  1.30143e-10
1011.64  1.4224e-10
1109.75  1.55453e-10
1217.38  1.69879e-10
1335.45  1.85607e-10
1464.97  2.0277e-10
1607.05  2.21493e-10
1762.91  2.41899e-10
1933.89  2.64132e-10
2121.45  2.88381e-10
2327.2  3.14773e-10
2552.91  3.43543e-10
2800.5  3.74821e-10
3072.11  4.08816e-10
3370.06  4.45809e-10
3696.91  4.85941e-10
4055.46  5.29525e-10
4448.78  5.76804e-10
4880.25  6.28153e-10
5353.57  6.83771e-10
5872.79  7.44003e-10
6442.36  8.09121e-10
7067.18  8.79563e-10
7752.6  9.55662e-10
8504.49  1.03779e-09
9329.3  1.12645e-09
10234.1  1.22184e-09
11226.7  1.32449e-09
12315.5  1.43477e-09
13509.9  1.55336e-09
14820.2  1.68035e-09
16257.6  1.81634e-09
17834.3  1.96195e-09
19564  2.11731e-09
21461.4  2.28303e-09
23542.9  2.45991e-09
25826.2  2.64801e-09
28331  2.84813e-09
31078.7  3.06103e-09
34092.9  3.28681e-09
37399.4  3.52614e-09
41026.6  3.77941e-09
45005.6  4.04683e-09
49370.5  4.32887e-09
54158.7  4.62595e-09
59411.3  4.9387e-09
65173.4  5.26754e-09
71494.3  5.61385e-09
78428.2  5.97722e-09
86034.6  6.35945e-09
94378.8  6.75886e-09
103532  7.17695e-09
113573  7.61299e-09
124588  8.068e-09
136672  8.54217e-09
149927  9.03761e-09
164468  9.55443e-09
180419  1.0094e-08
197917  1.06539e-08
217112  1.12359e-08
238169  1.18383e-08
261268  1.24627e-08
286607  1.31104e-08
314404  1.37844e-08
344896  1.44842e-08
378346  1.52102e-08
415040  1.59606e-08
455294  1.67363e-08
499451  1.75352e-08
547890  1.83633e-08
601028  1.92236e-08
659319  2.01156e-08
723263  2.10396e-08
793410  2.19932e-08
870359  2.29762e-08
954772  2.39882e-08
1.04737e+06  2.50362e-08
1.14895e+06  2.61275e-08
1.26038e+06  2.72592e-08
1.38262e+06  2.84276e-08
1.51672e+06  2.96296e-08
1.66382e+06  3.08677e-08
1.82518e+06  3.21468e-08
2.0022e+06  3.34778e-08
2.19639e+06  3.48588e-08
2.4094e+06  3.62869e-08
2.64308e+06  3.77577e-08
2.89942e+06  3.92693e-08
3.18063e+06  4.083e-08
3.4891e+06  4.24509e-08
3.82749e+06  4.41361e-08
4.19871e+06  4.58784e-08
4.60592e+06  4.76684e-08
5.05263e+06  4.95103e-08
5.54266e+06  5.14066e-08
6.08022e+06  5.33756e-08
6.66992e+06  5.54225e-08
7.31681e+06  5.75378e-08
8.02643e+06  5.97123e-08
8.80488e+06  6.19473e-08
9.65883e+06  6.42437e-08
1.05956e+07  6.66264e-08
1.16232e+07  6.91006e-08
1.27505e+07  7.16568e-08
1.39871e+07  7.42857e-08
1.53437e+07  7.69811e-08
1.68318e+07  7.97484e-08
1.84642e+07  8.26164e-08
2.0255e+07  8.5595e-08
2.22195e+07  8.86659e-08
2.43744e+07  9.18264e-08
2.67384e+07  9.50534e-08
2.93317e+07  9.83715e-08
3.21764e+07  1.01805e-07
3.52971e+07  1.05372e-07
3.87204e+07  1.09054e-07
4.24757e+07  1.12836e-07
4.65953e+07  1.16713e-07
5.11143e+07  1.20689e-07
5.60717e+07  1.24802e-07
6.15099e+07  1.29065e-07
6.74754e+07  1.33452e-07
7.40196e+07  1.37964e-07
8.11984e+07  1.42567e-07
8.90735e+07  1.47297e-07
9.77124e+07  1.52186e-07
1.07189e+08  1.5726e-07
1.17585e+08  1.62486e-07
1.28989e+08  1.67836e-07
1.41499e+08  1.73298e-07
1.55223e+08  1.78907e-07
1.70277e+08  1.8471e-07
1.86791e+08  1.90727e-07
2.04907e+08  1.96917e-07
2.24781e+08  2.03242e-07
2.46581e+08  2.09719e-07
2.70496e+08  2.16355e-07
2.9673e+08  2.23226e-07
3.25509e+08  2.30343e-07
3.57079e+08  2.37653e-07
3.9171e+08  2.45134e-07
4.297e+08  2.52766e-07
4.71375e+08  2.60599e-07
5.17092e+08  2.68717e-07
5.67243e+08  2.77109e-07
6.22257e+08  2.8572e-07
6.82607e+08  2.94512e-07
7.4881e+08  3.03482e-07
8.21434e+08  3.12715e-07
9.01102e+08  3.22293e-07
9.88496e+08  3.32168e-07
1.08437e+09  3.42294e-07
1.18953e+09  3.5263e-07
1.3049e+09  3.63166e-07
1.43146e+09  3.74026e-07
1.57029e+09  3.85284e-07
1.72259e+09  3.96878e-07
1.88965e+09  4.08714e-07
2.07292e+09  4.20798e-07
2.27397e+09  4.33151e-07
2.49451e+09  4.45897e-07
2.73644e+09  4.5911e-07
3.00184e+09  4.72679e-07
3.29297e+09  4.86544e-07
3.61234e+09  5.00661e-07
3.96269e+09  5.15116e-07
4.34701e+09  5.30077e-07
4.76861e+09  5.45541e-07
5.2311e+09  5.61384e-07
5.73844e+09  5.77544e-07
6.29499e+09  5.94022e-07
6.90551e+09  6.10915e-07
7.57525e+09  6.28398e-07
8.30994e+09  6.46454e-07
9.11589e+09  6.64924e-07
1e+10  6.8368e-07
