100  4.24561e-11
109.699  4.66116e-11
120.338  5.11648e-11
132.009  5.61589e-11
144.812  6.16495e-11
158.857  6.76789e-11
174.263  7.4285e-11
191.164  8.15227e-11
209.705  8.94508e-11
230.043  9.81335e-11
252.354  1.07642e-10
276.829  1.18064e-10
303.677  1.29494e-10
333.129  1.42024e-10
365.438  1.55749e-10
400.881  1.70764e-10
439.76  1.87192e-10
482.411  2.05159e-10
529.198  2.24805e-10
580.523  2.46279e-10
636.825  2.69763e-10
698.588  2.95452e-10
766.341  3.23577e-10
840.665  3.54311e-10
922.198  3.87848e-10
1011.64  4.24437e-10
1109.75  4.64329e-10
1217.38  5.07802e-10
1335.45  5.55192e-10
1464.97  6.06992e-10
1607.05  6.6344e-10
1762.91  7.24811e-10
1933.89  7.91491e-10
2121.45  8.63858e-10
2327.2  9.42502e-10
2552.91  1.02826e-09
2800.5  1.12115e-09
3072.11  1.22164e-09
3370.06  1.3302e-09
3696.91  1.44811e-09
4055.46  1.57568e-09
4448.78  1.71304e-09
4880.25  1.86065e-09
5353.57  2.01993e-09
5872.79  2.19181e-09
6442.36  2.37574e-09
7067.18  2.57224e-09
7752.6  2.78403e-09
8504.49  3.01007e-09
9329.3  3.25021e-09
10234.1  3.50861e-09
11226.7  3.78195e-09
12315.5  4.07415e-09
13509.9  4.38346e-09
14820.2  4.71186e-09
16257.6  5.05926e-09
17834.3  5.42548e-09
19564  5.81236e-09
21461.4  6.21821e-09
23542.9  6.64515e-09
25826.2  7.09439e-09
28331  7.56366e-09
31078.7  8.05797e-09
34092.9  8.5762e-09
37399.4  9.11478e-09
41026.6  9.67687e-09
45005.6  1.0264e-08
49370.5  1.08713e-08
54158.7  1.1502e-08
59411.3  1.21593e-08
65173.4  1.28454e-08
71494.3  1.3559e-08
78428.2  1.42982e-08
86034.6  1.50612e-08
94378.8  1.58481e-08
103532  1.66638e-08
113573  1.75116e-08
124588  1.83915e-08
136672  1.93024e-08
149927  2.02413e-08
164468  2.1208e-08
180419  2.2206e-08
197917  2.32403e-08
217112  2.43147e-08
238169  2.54255e-08
261268  2.65711e-08
286607  2.77499e-08
314404  2.89598e-08
344896  3.0218e-08
378346  3.15288e-08
415040  3.28807e-08
455294  3.42739e-08
499451  3.57043e-08
547890  3.71722e-08
601028  3.86914e-08
659319  4.02825e-08
723263  4.19222e-08
793410  4.36096e-08
870359  4.53374e-08
954772  4.711e-08
1.04737e+06  4.89561e-08
1.14895e+06  5.08763e-08
1.26038e+06  5.28544e-08
1.38262e+06  5.48872e-08
1.51672e+06  5.69637e-08
1.66382e+06  5.91074e-08
1.82518e+06  6.13424e-08
2.0022e+06  6.36454e-08
2.19639e+06  6.60172e-08
2.4094e+06  6.84551e-08
2.64308e+06  7.09622e-08
2.89942e+06  7.35453e-08
3.18063e+06  7.62091e-08
3.4891e+06  7.89649e-08
3.82749e+06  8.18266e-08
4.19871e+06  8.4752e-08
4.60592e+06  8.77374e-08
5.05263e+06  9.08034e-08
5.54266e+06  9.39963e-08
6.08022e+06  9.73131e-08
6.66992e+06  1.00717e-07
7.31681e+06  1.04186e-07
8.02643e+06  1.07747e-07
8.80488e+06  1.11451e-07
9.65883e+06  1.15264e-07
1.05956e+07  1.19184e-07
1.16232e+07  1.23232e-07
1.27505e+07  1.27373e-07
1.39871e+07  1.31616e-07
1.53437e+07  1.35973e-07
1.68318e+07  1.40513e-07
1.84642e+07  1.45209e-07
2.0255e+07  1.49998e-07
2.22195e+07  1.54863e-07
2.43744e+07  1.59868e-07
2.67384e+07  1.651e-07
2.93317e+07  1.70467e-07
3.21764e+07  1.75972e-07
3.52971e+07  1.81629e-07
3.87204e+07  1.87421e-07
4.24757e+07  1.93364e-07
4.65953e+07  1.99483e-07
5.11143e+07  2.05875e-07
5.60717e+07  2.12414e-07
6.15099e+07  2.19038e-07
6.74754e+07  2.258e-07
7.40196e+07  2.32869e-07
8.11984e+07  2.40137e-07
8.90735e+07  2.47586e-07
9.77124e+07  2.55249e-07
1.07189e+08  2.63079e-07
1.17585e+08  2.71089e-07
1.28989e+08  2.79315e-07
1.41499e+08  2.8793e-07
1.55223e+08  2.96745e-07
1.70277e+08  3.05699e-07
1.86791e+08  3.14792e-07
2.04907e+08  3.24249e-07
2.24781e+08  3.34016e-07
2.46581e+08  3.44013e-07
2.70496e+08  3.54308e-07
2.9673e+08  3.64836e-07
3.25509e+08  3.75534e-07
3.57079e+08  3.86528e-07
3.9171e+08  3.9806e-07
4.297e+08  4.09827e-07
4.71375e+08  4.21806e-07
5.17092e+08  4.33967e-07
5.67243e+08  4.46573e-07
6.22257e+08  4.59567e-07
6.82607e+08  4.72889e-07
7.4881e+08  4.86654e-07
8.21434e+08  5.00688e-07
9.01102e+08  5.14864e-07
9.88496e+08  5.29499e-07
1.08437e+09  5.44808e-07
1.18953e+09  5.60369e-07
1.3049e+09  5.76233e-07
1.43146e+09  5.92509e-07
1.57029e+09  6.09156e-07
1.72259e+09  6.26235e-07
1.88965e+09  6.4399e-07
2.07292e+09  6.62201e-07
2.27397e+09  6.80689e-07
2.49451e+09  6.99396e-07
2.73644e+09  7.1879e-07
3.00184e+09  7.38997e-07
3.29297e+09  7.59616e-07
3.61234e+09  7.80327e-07
3.96269e+09  7.98503e-07
4.34701e+09  8.13346e-07
4.76861e+09  8.24906e-07
5.2311e+09  8.32829e-07
5.73844e+09  8.3721e-07
6.29499e+09  8.38793e-07
6.90551e+09  8.43285e-07
7.57525e+09  8.49549e-07
8.30994e+09  8.56633e-07
9.11589e+09  8.64102e-07
1e+10  8.71859e-07
