100  1.88445e-10
109.699  2.10051e-10
120.338  2.34087e-10
132.009  2.60983e-10
144.812  2.8947e-10
158.857  3.23033e-10
174.263  3.58881e-10
191.164  3.95558e-10
209.705  4.40419e-10
230.043  4.89049e-10
252.354  5.38999e-10
276.829  5.92753e-10
303.677  6.59756e-10
333.129  7.31915e-10
365.438  8.06003e-10
400.881  8.85598e-10
439.76  9.73143e-10
482.411  1.06899e-09
529.198  1.1877e-09
580.523  1.31471e-09
636.825  1.44733e-09
698.588  1.58855e-09
766.341  1.7428e-09
840.665  1.91125e-09
922.198  2.0951e-09
1011.64  2.29559e-09
1109.75  2.51458e-09
1217.38  2.75423e-09
1335.45  3.01569e-09
1464.97  3.30001e-09
1607.05  3.60911e-09
1762.91  3.94915e-09
1933.89  4.3685e-09
2121.45  4.80568e-09
2327.2  5.25524e-09
2552.91  5.73523e-09
2800.5  6.25539e-09
3072.11  6.81685e-09
3370.06  7.42653e-09
3696.91  8.08612e-09
4055.46  8.79505e-09
4448.78  9.55857e-09
4880.25  1.0385e-08
5353.57  1.12696e-08
5872.79  1.22155e-08
6442.36  1.32377e-08
7067.18  1.43256e-08
7752.6  1.5494e-08
8504.49  1.674e-08
9329.3  1.80761e-08
10234.1  1.94939e-08
11226.7  2.10126e-08
12315.5  2.26144e-08
13509.9  2.43233e-08
14820.2  2.61185e-08
16257.6  2.80261e-08
17834.3  3.00246e-08
19564  3.21508e-08
21461.4  3.43943e-08
23542.9  3.67528e-08
25826.2  3.92324e-08
28331  4.18477e-08
31078.7  4.45663e-08
34092.9  4.74067e-08
37399.4  5.03861e-08
41026.6  5.34992e-08
45005.6  5.6763e-08
49370.5  6.01748e-08
54158.7  6.37281e-08
59411.3  6.74169e-08
65173.4  7.1261e-08
71494.3  7.52455e-08
78428.2  7.93898e-08
86034.6  8.37248e-08
94378.8  8.8243e-08
103532  9.29363e-08
113573  9.77941e-08
124588  1.02798e-07
136672  1.07985e-07
149927  1.13386e-07
164468  1.19015e-07
180419  1.24865e-07
197917  1.30916e-07
217112  1.37141e-07
238169  1.43574e-07
261268  1.5029e-07
286607  1.57276e-07
314404  1.64522e-07
344896  1.71987e-07
378346  1.79671e-07
415040  1.87579e-07
455294  1.95786e-07
499451  2.04398e-07
547890  2.13302e-07
601028  2.22464e-07
659319  2.31879e-07
723263  2.41543e-07
793410  2.51571e-07
870359  2.62098e-07
954772  2.7295e-07
1.04737e+06  2.84111e-07
1.14895e+06  2.9556e-07
1.26038e+06  3.07289e-07
1.38262e+06  3.1954e-07
1.51672e+06  3.32298e-07
1.66382e+06  3.45419e-07
1.82518e+06  3.58907e-07
2.0022e+06  3.72702e-07
2.19639e+06  3.8695e-07
2.4094e+06  4.01768e-07
2.64308e+06  4.17079e-07
2.89942e+06  4.32857e-07
3.18063e+06  4.49098e-07
3.4891e+06  4.6575e-07
3.82749e+06  4.82851e-07
4.19871e+06  5.00527e-07
4.60592e+06  5.18892e-07
5.05263e+06  5.37947e-07
5.54266e+06  5.57456e-07
6.08022e+06  5.7732e-07
6.66992e+06  5.97702e-07
7.31681e+06  6.1909e-07
8.02643e+06  6.41128e-07
8.80488e+06  6.63741e-07
9.65883e+06  6.86829e-07
1.05956e+07  7.10431e-07
1.16232e+07  7.34985e-07
1.27505e+07  7.60326e-07
1.39871e+07  7.86405e-07
1.53437e+07  8.13332e-07
1.68318e+07  8.40881e-07
1.84642e+07  8.68968e-07
2.0255e+07  8.97848e-07
2.22195e+07  9.28092e-07
2.43744e+07  9.59227e-07
2.67384e+07  9.9105e-07
2.93317e+07  1.02331e-06
3.21764e+07  1.05653e-06
3.52971e+07  1.0912e-06
3.87204e+07  1.12675e-06
4.24757e+07  1.16335e-06
4.65953e+07  1.20094e-06
5.11143e+07  1.23925e-06
5.60717e+07  1.27848e-06
6.15099e+07  1.31912e-06
6.74754e+07  1.36145e-06
7.40196e+07  1.4047e-06
8.11984e+07  1.44865e-06
8.90735e+07  1.49336e-06
9.77124e+07  1.54001e-06
1.07189e+08  1.58815e-06
1.17585e+08  1.63746e-06
1.28989e+08  1.68815e-06
1.41499e+08  1.74e-06
1.55223e+08  1.79272e-06
1.70277e+08  1.84709e-06
1.86791e+08  1.90407e-06
2.04907e+08  1.96217e-06
2.24781e+08  2.02131e-06
2.46581e+08  2.08134e-06
2.70496e+08  2.14366e-06
2.9673e+08  2.20804e-06
3.25509e+08  2.27402e-06
3.57079e+08  2.34203e-06
3.9171e+08  2.41147e-06
4.297e+08  2.48178e-06
4.71375e+08  2.55422e-06
5.17092e+08  2.63018e-06
5.67243e+08  2.70751e-06
6.22257e+08  2.78617e-06
6.82607e+08  2.86654e-06
7.4881e+08  2.94933e-06
8.21434e+08  3.03437e-06
9.01102e+08  3.12229e-06
9.88496e+08  3.21286e-06
1.08437e+09  3.30481e-06
1.18953e+09  3.39803e-06
1.3049e+09  3.49389e-06
1.43146e+09  3.59419e-06
1.57029e+09  3.69649e-06
1.72259e+09  3.80069e-06
1.88965e+09  3.90735e-06
2.07292e+09  4.01651e-06
2.27397e+09  4.12815e-06
2.49451e+09  4.24588e-06
2.73644e+09  4.36509e-06
3.00184e+09  4.47721e-06
3.29297e+09  4.57212e-06
3.61234e+09  4.64771e-06
3.96269e+09  4.70414e-06
4.34701e+09  4.73939e-06
4.76861e+09  4.75465e-06
5.2311e+09  4.75476e-06
5.73844e+09  4.7546e-06
6.29499e+09  4.75629e-06
6.90551e+09  4.75818e-06
7.57525e+09  4.7599e-06
8.30994e+09  4.76148e-06
9.11589e+09  4.76291e-06
1e+10  4.7642e-06
