100  1.00937e-11
109.699  1.10969e-11
120.338  1.21974e-11
132.009  1.34064e-11
144.812  1.47322e-11
158.857  1.61883e-11
174.263  1.7786e-11
191.164  1.95375e-11
209.705  2.1462e-11
230.043  2.35718e-11
252.354  2.5885e-11
276.829  2.84239e-11
303.677  3.12079e-11
333.129  3.42644e-11
365.438  3.76139e-11
400.881  4.12899e-11
439.76  4.53212e-11
482.411  4.97373e-11
529.198  5.45841e-11
580.523  5.98946e-11
636.825  6.5719e-11
698.588  7.21001e-11
766.341  7.90883e-11
840.665  8.67471e-11
922.198  9.51336e-11
1011.64  1.04312e-10
1109.75  1.14357e-10
1217.38  1.25362e-10
1335.45  1.374e-10
1464.97  1.50577e-10
1607.05  1.64995e-10
1762.91  1.80753e-10
1933.89  1.97977e-10
2121.45  2.16823e-10
2327.2  2.37401e-10
2552.91  2.59862e-10
2800.5  2.84412e-10
3072.11  3.11186e-10
3370.06  3.40434e-10
3696.91  3.72301e-10
4055.46  4.0704e-10
4448.78  4.4488e-10
4880.25  4.86054e-10
5353.57  5.30895e-10
5872.79  5.79694e-10
6442.36  6.32732e-10
7067.18  6.9034e-10
7752.6  7.5283e-10
8504.49  8.20642e-10
9329.3  8.9414e-10
10234.1  9.7373e-10
11226.7  1.05993e-09
12315.5  1.15296e-09
13509.9  1.25339e-09
14820.2  1.36175e-09
16257.6  1.47855e-09
17834.3  1.60409e-09
19564  1.73897e-09
21461.4  1.88388e-09
23542.9  2.03927e-09
25826.2  2.20546e-09
28331  2.38333e-09
31078.7  2.57357e-09
34092.9  2.7763e-09
37399.4  2.99265e-09
41026.6  3.22299e-09
45005.6  3.4679e-09
49370.5  3.72813e-09
54158.7  4.00344e-09
59411.3  4.29527e-09
65173.4  4.60349e-09
71494.3  4.92872e-09
78428.2  5.27097e-09
86034.6  5.63171e-09
94378.8  6.01108e-09
103532  6.40993e-09
113573  6.82971e-09
124588  7.26998e-09
136672  7.73127e-09
149927  8.21339e-09
164468  8.71708e-09
180419  9.24177e-09
197917  9.78822e-09
217112  1.03584e-08
238169  1.09533e-08
261268  1.15741e-08
286607  1.22204e-08
314404  1.28926e-08
344896  1.35896e-08
378346  1.43123e-08
415040  1.50596e-08
455294  1.58364e-08
499451  1.66428e-08
547890  1.7482e-08
601028  1.83531e-08
659319  1.92543e-08
723263  2.0185e-08
793410  2.11457e-08
870359  2.21388e-08
954772  2.31687e-08
1.04737e+06  2.42406e-08
1.14895e+06  2.53519e-08
1.26038e+06  2.6497e-08
1.38262e+06  2.76797e-08
1.51672e+06  2.88963e-08
1.66382e+06  3.01534e-08
1.82518e+06  3.14611e-08
2.0022e+06  3.28176e-08
2.19639e+06  3.42192e-08
2.4094e+06  3.56649e-08
2.64308e+06  3.71525e-08
2.89942e+06  3.86824e-08
3.18063e+06  4.02693e-08
3.4891e+06  4.19183e-08
3.82749e+06  4.36244e-08
4.19871e+06  4.5383e-08
4.60592e+06  4.71942e-08
5.05263e+06  4.90519e-08
5.54266e+06  5.097e-08
6.08022e+06  5.29644e-08
6.66992e+06  5.50312e-08
7.31681e+06  5.71632e-08
8.02643e+06  5.93556e-08
8.80488e+06  6.16005e-08
9.65883e+06  6.39189e-08
1.05956e+07  6.63229e-08
1.16232e+07  6.88173e-08
1.27505e+07  7.13867e-08
1.39871e+07  7.40261e-08
1.53437e+07  7.67328e-08
1.68318e+07  7.95184e-08
1.84642e+07  8.2404e-08
2.0255e+07  8.53992e-08
2.22195e+07  8.84847e-08
2.43744e+07  9.16491e-08
2.67384e+07  9.48911e-08
2.93317e+07  9.82178e-08
3.21764e+07  1.01665e-07
3.52971e+07  1.05246e-07
3.87204e+07  1.0894e-07
4.24757e+07  1.1273e-07
4.65953e+07  1.16614e-07
5.11143e+07  1.20601e-07
5.60717e+07  1.24725e-07
6.15099e+07  1.28999e-07
6.74754e+07  1.33396e-07
7.40196e+07  1.37911e-07
8.11984e+07  1.42524e-07
8.90735e+07  1.47259e-07
9.77124e+07  1.52157e-07
1.07189e+08  1.5724e-07
1.17585e+08  1.62474e-07
1.28989e+08  1.67831e-07
1.41499e+08  1.73297e-07
1.55223e+08  1.78913e-07
1.70277e+08  1.84724e-07
1.86791e+08  1.90749e-07
2.04907e+08  1.96945e-07
2.24781e+08  2.03274e-07
2.46581e+08  2.09757e-07
2.70496e+08  2.16399e-07
2.9673e+08  2.23278e-07
3.25509e+08  2.30401e-07
3.57079e+08  2.37719e-07
3.9171e+08  2.45199e-07
4.297e+08  2.52836e-07
4.71375e+08  2.60676e-07
5.17092e+08  2.68802e-07
5.67243e+08  2.77201e-07
6.22257e+08  2.85818e-07
6.82607e+08  2.94613e-07
7.4881e+08  3.03588e-07
8.21434e+08  3.12827e-07
9.01102e+08  3.22412e-07
9.88496e+08  3.32293e-07
1.08437e+09  3.42422e-07
1.18953e+09  3.52763e-07
1.3049e+09  3.63305e-07
1.43146e+09  3.74172e-07
1.57029e+09  3.85438e-07
1.72259e+09  3.97038e-07
1.88965e+09  4.08875e-07
2.07292e+09  4.20963e-07
2.27397e+09  4.33322e-07
2.49451e+09  4.46075e-07
2.73644e+09  4.59297e-07
3.00184e+09  4.72875e-07
3.29297e+09  4.86741e-07
3.61234e+09  5.00864e-07
3.96269e+09  5.15327e-07
4.34701e+09  5.30293e-07
4.76861e+09  5.45765e-07
5.2311e+09  5.61616e-07
5.73844e+09  5.77769e-07
6.29499e+09  5.94254e-07
6.90551e+09  6.11156e-07
7.57525e+09  6.28649e-07
8.30994e+09  6.46713e-07
9.11589e+09  6.65192e-07
1e+10  6.83957e-07
