100  4.18897e-11
109.699  4.6147e-11
120.338  5.08215e-11
132.009  5.59653e-11
144.812  6.16212e-11
158.857  6.78464e-11
174.263  7.4683e-11
191.164  8.21896e-11
209.705  9.04205e-11
230.043  9.94527e-11
252.354  1.09374e-10
276.829  1.20311e-10
303.677  1.32303e-10
333.129  1.45444e-10
365.438  1.59847e-10
400.881  1.75677e-10
439.76  1.93092e-10
482.411  2.12164e-10
529.198  2.33059e-10
580.523  2.55921e-10
636.825  2.80961e-10
698.588  3.08475e-10
766.341  3.38606e-10
840.665  3.71557e-10
922.198  4.07555e-10
1011.64  4.46888e-10
1109.75  4.89812e-10
1217.38  5.36786e-10
1335.45  5.88208e-10
1464.97  6.44297e-10
1607.05  7.05383e-10
1762.91  7.71853e-10
1933.89  8.4415e-10
2121.45  9.23304e-10
2327.2  1.00935e-09
2552.91  1.10268e-09
2800.5  1.20411e-09
3072.11  1.31473e-09
3370.06  1.43445e-09
3696.91  1.56379e-09
4055.46  1.70479e-09
4448.78  1.85698e-09
4880.25  2.02075e-09
5353.57  2.19768e-09
5872.79  2.38905e-09
6442.36  2.59418e-09
7067.18  2.8139e-09
7752.6  3.0516e-09
8504.49  3.30506e-09
9329.3  3.57726e-09
10234.1  3.86842e-09
11226.7  4.18032e-09
12315.5  4.5127e-09
13509.9  4.8679e-09
14820.2  5.24473e-09
16257.6  5.64533e-09
17834.3  6.06937e-09
19564  6.51774e-09
21461.4  6.99109e-09
23542.9  7.49309e-09
25826.2  8.02242e-09
28331  8.57995e-09
31078.7  9.17201e-09
34092.9  9.79151e-09
37399.4  1.04382e-08
41026.6  1.11201e-08
45005.6  1.18289e-08
49370.5  1.25703e-08
54158.7  1.33486e-08
59411.3  1.41635e-08
65173.4  1.5019e-08
71494.3  1.59094e-08
78428.2  1.68328e-08
86034.6  1.77897e-08
94378.8  1.87857e-08
103532  1.98284e-08
113573  2.09167e-08
124588  2.20479e-08
136672  2.32204e-08
149927  2.44301e-08
164468  2.56847e-08
180419  2.69932e-08
197917  2.83574e-08
217112  2.97765e-08
238169  3.12458e-08
261268  3.27606e-08
286607  3.43239e-08
314404  3.59421e-08
344896  3.76268e-08
378346  3.93819e-08
415040  4.12044e-08
455294  4.30821e-08
499451  4.50184e-08
547890  4.70199e-08
601028  4.91022e-08
659319  5.12629e-08
723263  5.34989e-08
793410  5.58049e-08
870359  5.81799e-08
954772  6.06358e-08
1.04737e+06  6.31871e-08
1.14895e+06  6.58268e-08
1.26038e+06  6.85635e-08
1.38262e+06  7.13817e-08
1.51672e+06  7.42769e-08
1.66382e+06  7.72656e-08
1.82518e+06  8.0363e-08
2.0022e+06  8.35754e-08
2.19639e+06  8.69112e-08
2.4094e+06  9.03304e-08
2.64308e+06  9.38276e-08
2.89942e+06  9.74328e-08
3.18063e+06  1.01179e-07
3.4891e+06  1.05088e-07
3.82749e+06  1.09107e-07
4.19871e+06  1.1321e-07
4.60592e+06  1.17401e-07
5.05263e+06  1.21736e-07
5.54266e+06  1.26278e-07
6.08022e+06  1.30956e-07
6.66992e+06  1.35763e-07
7.31681e+06  1.4068e-07
8.02643e+06  1.45747e-07
8.80488e+06  1.51e-07
9.65883e+06  1.56399e-07
1.05956e+07  1.62e-07
1.16232e+07  1.67769e-07
1.27505e+07  1.73648e-07
1.39871e+07  1.79676e-07
1.53437e+07  1.8588e-07
1.68318e+07  1.92395e-07
1.84642e+07  1.99088e-07
2.0255e+07  2.05918e-07
2.22195e+07  2.1286e-07
2.43744e+07  2.20047e-07
2.67384e+07  2.27522e-07
2.93317e+07  2.35201e-07
3.21764e+07  2.43103e-07
3.52971e+07  2.51217e-07
3.87204e+07  2.59512e-07
4.24757e+07  2.68031e-07
4.65953e+07  2.76829e-07
5.11143e+07  2.86016e-07
5.60717e+07  2.95412e-07
6.15099e+07  3.04927e-07
6.74754e+07  3.14658e-07
7.40196e+07  3.2483e-07
8.11984e+07  3.35291e-07
8.90735e+07  3.46027e-07
9.77124e+07  3.57074e-07
1.07189e+08  3.68354e-07
1.17585e+08  3.79906e-07
1.28989e+08  3.91775e-07
1.41499e+08  4.0421e-07
1.55223e+08  4.16948e-07
1.70277e+08  4.29886e-07
1.86791e+08  4.43018e-07
2.04907e+08  4.56675e-07
2.24781e+08  4.70806e-07
2.46581e+08  4.85276e-07
2.70496e+08  5.00168e-07
2.9673e+08  5.15405e-07
3.25509e+08  5.30908e-07
3.57079e+08  5.46817e-07
3.9171e+08  5.63519e-07
4.297e+08  5.806e-07
4.71375e+08  5.98e-07
5.17092e+08  6.15631e-07
5.67243e+08  6.33874e-07
6.22257e+08  6.52763e-07
6.82607e+08  6.72108e-07
7.4881e+08  6.92059e-07
8.21434e+08  7.12475e-07
9.01102e+08  7.33092e-07
9.88496e+08  7.54315e-07
1.08437e+09  7.76565e-07
1.18953e+09  7.99236e-07
1.3049e+09  8.22334e-07
1.43146e+09  8.45922e-07
1.57029e+09  8.70185e-07
1.72259e+09  8.95098e-07
1.88965e+09  9.20833e-07
2.07292e+09  9.47408e-07
2.27397e+09  9.74398e-07
2.49451e+09  1.0017e-06
2.73644e+09  1.02981e-06
3.00184e+09  1.05934e-06
3.29297e+09  1.08946e-06
3.61234e+09  1.11976e-06
3.96269e+09  1.14664e-06
4.34701e+09  1.16875e-06
4.76861e+09  1.18615e-06
5.2311e+09  1.1983e-06
5.73844e+09  1.20536e-06
6.29499e+09  1.20723e-06
6.90551e+09  1.20772e-06
7.57525e+09  1.20867e-06
8.30994e+09  1.21049e-06
9.11589e+09  1.21252e-06
1e+10  1.21466e-06
