100  3.97903e-12
109.699  4.35025e-12
120.338  4.75567e-12
132.009  5.19899e-12
144.812  5.68421e-12
158.857  6.2144e-12
174.263  6.79347e-12
191.164  7.42771e-12
209.705  8.12067e-12
230.043  8.87873e-12
252.354  9.70792e-12
276.829  1.0614e-11
303.677  1.16042e-11
333.129  1.26881e-11
365.438  1.38723e-11
400.881  1.51654e-11
439.76  1.65806e-11
482.411  1.81265e-11
529.198  1.98169e-11
580.523  2.16634e-11
636.825  2.36791e-11
698.588  2.58821e-11
766.341  2.82869e-11
840.665  3.09109e-11
922.198  3.37773e-11
1011.64  3.6906e-11
1109.75  4.03205e-11
1217.38  4.4048e-11
1335.45  4.81094e-11
1464.97  5.2537e-11
1607.05  5.73644e-11
1762.91  6.26176e-11
1933.89  6.83384e-11
2121.45  7.4567e-11
2327.2  8.13434e-11
2552.91  8.87151e-11
2800.5  9.67171e-11
3072.11  1.05415e-10
3370.06  1.14851e-10
3696.91  1.25085e-10
4055.46  1.36188e-10
4448.78  1.48217e-10
4880.25  1.61231e-10
5353.57  1.75304e-10
5872.79  1.90492e-10
6442.36  2.06928e-10
7067.18  2.24667e-10
7752.6  2.43771e-10
8504.49  2.64329e-10
9329.3  2.8644e-10
10234.1  3.10236e-10
11226.7  3.35743e-10
12315.5  3.6304e-10
13509.9  3.92289e-10
14820.2  4.23584e-10
16257.6  4.56944e-10
17834.3  4.92527e-10
19564  5.30432e-10
21461.4  5.70708e-10
23542.9  6.1361e-10
25826.2  6.59126e-10
28331  7.07369e-10
31078.7  7.5858e-10
34092.9  8.12588e-10
37399.4  8.69733e-10
41026.6  9.29822e-10
45005.6  9.93183e-10
49370.5  1.05971e-09
54158.7  1.12974e-09
59411.3  1.20329e-09
65173.4  1.28049e-09
71494.3  1.36159e-09
78428.2  1.4463e-09
86034.6  1.53494e-09
94378.8  1.62735e-09
103532  1.72353e-09
113573  1.82388e-09
124588  1.92841e-09
136672  2.03755e-09
149927  2.15133e-09
164468  2.26953e-09
180419  2.39201e-09
197917  2.51896e-09
217112  2.65013e-09
238169  2.78639e-09
261268  2.92792e-09
286607  3.07477e-09
314404  3.22714e-09
344896  3.38449e-09
378346  3.54693e-09
415040  3.71441e-09
455294  3.88748e-09
499451  4.06737e-09
547890  4.25388e-09
601028  4.44694e-09
659319  4.64615e-09
723263  4.85111e-09
793410  5.06203e-09
870359  5.28071e-09
954772  5.50802e-09
1.04737e+06  5.74377e-09
1.14895e+06  5.98658e-09
1.26038e+06  6.23695e-09
1.38262e+06  6.49441e-09
1.51672e+06  6.76006e-09
1.66382e+06  7.03644e-09
1.82518e+06  7.32369e-09
2.0022e+06  7.62008e-09
2.19639e+06  7.92511e-09
2.4094e+06  8.23886e-09
2.64308e+06  8.56255e-09
2.89942e+06  8.89861e-09
3.18063e+06  9.24755e-09
3.4891e+06  9.60766e-09
3.82749e+06  9.97866e-09
4.19871e+06  1.03596e-08
4.60592e+06  1.07519e-08
5.05263e+06  1.11592e-08
5.54266e+06  1.15821e-08
6.08022e+06  1.20189e-08
6.66992e+06  1.24685e-08
7.31681e+06  1.29287e-08
8.02643e+06  1.34027e-08
8.80488e+06  1.38944e-08
9.65883e+06  1.44048e-08
1.05956e+07  1.49316e-08
1.16232e+07  1.54739e-08
1.27505e+07  1.60274e-08
1.39871e+07  1.65969e-08
1.53437e+07  1.71872e-08
1.68318e+07  1.78003e-08
1.84642e+07  1.84325e-08
2.0255e+07  1.90817e-08
2.22195e+07  1.9745e-08
2.43744e+07  2.04258e-08
2.67384e+07  2.11308e-08
2.93317e+07  2.18635e-08
3.21764e+07  2.26195e-08
3.52971e+07  2.33958e-08
3.87204e+07  2.41878e-08
4.24757e+07  2.50028e-08
4.65953e+07  2.58457e-08
5.11143e+07  2.67194e-08
5.60717e+07  2.76185e-08
6.15099e+07  2.85417e-08
6.74754e+07  2.9484e-08
7.40196e+07  3.04499e-08
8.11984e+07  3.14504e-08
8.90735e+07  3.2487e-08
9.77124e+07  3.35526e-08
1.07189e+08  3.46463e-08
1.17585e+08  3.57607e-08
1.28989e+08  3.69046e-08
1.41499e+08  3.80893e-08
1.55223e+08  3.93169e-08
1.70277e+08  4.05795e-08
1.86791e+08  4.18695e-08
2.04907e+08  4.3188e-08
2.24781e+08  4.45398e-08
2.46581e+08  4.59394e-08
2.70496e+08  4.73887e-08
2.9673e+08  4.8877e-08
3.25509e+08  5.03936e-08
3.57079e+08  5.19441e-08
3.9171e+08  5.35369e-08
4.297e+08  5.51867e-08
4.71375e+08  5.68932e-08
5.17092e+08  5.86426e-08
5.67243e+08  6.04279e-08
6.22257e+08  6.22494e-08
6.82607e+08  6.41232e-08
7.4881e+08  6.6067e-08
8.21434e+08  6.80706e-08
9.01102e+08  7.01205e-08
9.88496e+08  7.22088e-08
1.08437e+09  7.43433e-08
1.18953e+09  7.6543e-08
1.3049e+09  7.88233e-08
1.43146e+09  8.1171e-08
1.57029e+09  8.35654e-08
1.72259e+09  8.60097e-08
1.88965e+09  8.85084e-08
2.07292e+09  9.10856e-08
2.27397e+09  9.37573e-08
2.49451e+09  9.65016e-08
2.73644e+09  9.92984e-08
3.00184e+09  1.0215e-07
3.29297e+09  1.05068e-07
3.61234e+09  1.08088e-07
3.96269e+09  1.1121e-07
4.34701e+09  1.14407e-07
4.76861e+09  1.17663e-07
5.2311e+09  1.20976e-07
5.73844e+09  1.24382e-07
6.29499e+09  1.2791e-07
6.90551e+09  1.31544e-07
7.57525e+09  1.35262e-07
8.30994e+09  1.3904e-07
9.11589e+09  1.42897e-07
1e+10  1.46868e-07
