100  4.84978e-11
109.699  5.2714e-11
120.338  5.7308e-11
132.009  6.22992e-11
144.812  6.77322e-11
158.857  7.36357e-11
174.263  8.00559e-11
191.164  8.70504e-11
209.705  9.46561e-11
230.043  1.02927e-10
252.354  1.11913e-10
276.829  1.2169e-10
303.677  1.32334e-10
333.129  1.43892e-10
365.438  1.56446e-10
400.881  1.70075e-10
439.76  1.84864e-10
482.411  2.00919e-10
529.198  2.18376e-10
580.523  2.37304e-10
636.825  2.57821e-10
698.588  2.80056e-10
766.341  3.04131e-10
840.665  3.30194e-10
922.198  3.58451e-10
1011.64  3.88994e-10
1109.75  4.21975e-10
1217.38  4.57627e-10
1335.45  4.96128e-10
1464.97  5.376e-10
1607.05  5.82275e-10
1762.91  6.30298e-10
1933.89  6.82023e-10
2121.45  7.37487e-10
2327.2  7.96931e-10
2552.91  8.60568e-10
2800.5  9.28701e-10
3072.11  1.00138e-09
3370.06  1.07895e-09
3696.91  1.16166e-09
4055.46  1.24938e-09
4448.78  1.34228e-09
4880.25  1.44083e-09
5353.57  1.54492e-09
5872.79  1.65426e-09
6442.36  1.76982e-09
7067.18  1.89079e-09
7752.6  2.01796e-09
8504.49  2.15043e-09
9329.3  2.28865e-09
10234.1  2.43213e-09
11226.7  2.58093e-09
12315.5  2.73485e-09
13509.9  2.89424e-09
14820.2  3.05747e-09
16257.6  3.22537e-09
17834.3  3.39647e-09
19564  3.57167e-09
21461.4  3.75009e-09
23542.9  3.9306e-09
25826.2  4.11363e-09
28331  4.29774e-09
31078.7  4.48344e-09
34092.9  4.67007e-09
37399.4  4.85623e-09
41026.6  5.04253e-09
45005.6  5.22732e-09
49370.5  5.41066e-09
54158.7  5.59298e-09
59411.3  5.77254e-09
65173.4  5.94881e-09
71494.3  6.12199e-09
78428.2  6.29195e-09
86034.6  6.45764e-09
94378.8  6.61928e-09
103532  6.77569e-09
113573  6.92787e-09
124588  7.07561e-09
136672  7.21702e-09
149927  7.35417e-09
164468  7.4847e-09
180419  7.61062e-09
197917  7.73129e-09
217112  7.84569e-09
238169  7.95509e-09
261268  8.05858e-09
286607  8.15693e-09
314404  8.24957e-09
344896  8.33784e-09
378346  8.42072e-09
415040  8.4986e-09
455294  8.57164e-09
499451  8.64e-09
547890  8.70406e-09
601028  8.76428e-09
659319  8.82034e-09
723263  8.87301e-09
793410  8.92138e-09
870359  8.96632e-09
954772  9.0087e-09
1.04737e+06  9.04746e-09
1.14895e+06  9.08331e-09
1.26038e+06  9.11643e-09
1.38262e+06  9.14704e-09
1.51672e+06  9.17536e-09
1.66382e+06  9.20158e-09
1.82518e+06  9.22574e-09
2.0022e+06  9.24792e-09
2.19639e+06  9.26855e-09
2.4094e+06  9.2874e-09
2.64308e+06  9.30463e-09
2.89942e+06  9.32067e-09
3.18063e+06  9.33531e-09
3.4891e+06  9.34868e-09
3.82749e+06  9.36088e-09
4.19871e+06  9.37202e-09
4.60592e+06  9.38219e-09
5.05263e+06  9.39148e-09
5.54266e+06  9.40003e-09
6.08022e+06  9.40795e-09
6.66992e+06  9.41518e-09
7.31681e+06  9.42178e-09
8.02643e+06  9.4278e-09
8.80488e+06  9.4333e-09
9.65883e+06  9.43832e-09
1.05956e+07  9.4429e-09
1.16232e+07  9.44708e-09
1.27505e+07  9.45091e-09
1.39871e+07  9.45443e-09
1.53437e+07  9.45763e-09
1.68318e+07  9.46056e-09
1.84642e+07  9.46323e-09
2.0255e+07  9.46566e-09
2.22195e+07  9.46787e-09
2.43744e+07  9.46989e-09
2.67384e+07  9.47173e-09
2.93317e+07  9.47341e-09
3.21764e+07  9.47493e-09
3.52971e+07  9.47632e-09
3.87204e+07  9.47759e-09
4.24757e+07  9.47874e-09
4.65953e+07  9.47979e-09
5.11143e+07  9.48077e-09
5.60717e+07  9.48167e-09
6.15099e+07  9.48248e-09
6.74754e+07  9.48323e-09
7.40196e+07  9.48391e-09
8.11984e+07  9.48453e-09
8.90735e+07  9.4851e-09
9.77124e+07  9.48562e-09
1.07189e+08  9.4861e-09
1.17585e+08  9.48653e-09
1.28989e+08  9.48693e-09
1.41499e+08  9.48729e-09
1.55223e+08  9.48763e-09
1.70277e+08  9.48793e-09
1.86791e+08  9.4882e-09
2.04907e+08  9.48846e-09
2.24781e+08  9.48869e-09
2.46581e+08  9.4889e-09
2.70496e+08  9.48909e-09
2.9673e+08  9.48926e-09
3.25509e+08  9.48942e-09
3.57079e+08  9.48957e-09
3.9171e+08  9.4897e-09
4.297e+08  9.48982e-09
4.71375e+08  9.48993e-09
5.17092e+08  9.49002e-09
5.67243e+08  9.49011e-09
6.22257e+08  9.49019e-09
6.82607e+08  9.49026e-09
7.4881e+08  9.49033e-09
8.21434e+08  9.49039e-09
9.01102e+08  9.49044e-09
9.88496e+08  9.49048e-09
1.08437e+09  9.49052e-09
1.18953e+09  9.49056e-09
1.3049e+09  9.49059e-09
1.43146e+09  9.49062e-09
1.57029e+09  9.49065e-09
1.72259e+09  9.49067e-09
1.88965e+09  9.49069e-09
2.07292e+09  9.4907e-09
2.27397e+09  9.49072e-09
2.49451e+09  9.49073e-09
2.73644e+09  9.49073e-09
3.00184e+09  9.49074e-09
3.29297e+09  9.49074e-09
3.61234e+09  9.49074e-09
3.96269e+09  9.49073e-09
4.34701e+09  9.49073e-09
4.76861e+09  9.49072e-09
5.2311e+09  9.49071e-09
5.73844e+09  9.4907e-09
6.29499e+09  9.49068e-09
6.90551e+09  9.49067e-09
7.57525e+09  9.49066e-09
8.30994e+09  9.49069e-09
9.11589e+09  9.49072e-09
1e+10  9.49075e-09
