100  5.12415e-11
109.699  5.61143e-11
120.338  6.14395e-11
132.009  6.7269e-11
144.812  7.36741e-11
158.857  8.06912e-11
174.263  8.83588e-11
191.164  9.6736e-11
209.705  1.05887e-10
230.043  1.15907e-10
252.354  1.26905e-10
276.829  1.38929e-10
303.677  1.52058e-10
333.129  1.66388e-10
365.438  1.82024e-10
400.881  1.99171e-10
439.76  2.17937e-10
482.411  2.38402e-10
529.198  2.60709e-10
580.523  2.85014e-10
636.825  3.11533e-10
698.588  3.40581e-10
766.341  3.72217e-10
840.665  4.06634e-10
922.198  4.44367e-10
1011.64  4.85424e-10
1109.75  5.30028e-10
1217.38  5.7844e-10
1335.45  6.31063e-10
1464.97  6.88239e-10
1607.05  7.50337e-10
1762.91  8.17668e-10
1933.89  8.90433e-10
2121.45  9.68965e-10
2327.2  1.05451e-09
2552.91  1.14679e-09
2800.5  1.24604e-09
3072.11  1.35363e-09
3370.06  1.46955e-09
3696.91  1.59372e-09
4055.46  1.72764e-09
4448.78  1.87158e-09
4880.25  2.02532e-09
5353.57  2.19133e-09
5872.79  2.36781e-09
6442.36  2.55731e-09
7067.18  2.75891e-09
7752.6  2.97319e-09
8504.49  3.20199e-09
9329.3  3.44638e-09
10234.1  3.70443e-09
11226.7  3.97724e-09
12315.5  4.26589e-09
13509.9  4.57386e-09
14820.2  4.89617e-09
16257.6  5.23751e-09
17834.3  5.59513e-09
19564  5.9717e-09
21461.4  6.36877e-09
23542.9  6.78261e-09
25826.2  7.21672e-09
28331  7.67064e-09
31078.7  8.14663e-09
34092.9  8.64191e-09
37399.4  9.15815e-09
41026.6  9.69419e-09
45005.6  1.02532e-08
49370.5  1.0836e-08
54158.7  1.14408e-08
59411.3  1.20664e-08
65173.4  1.27161e-08
71494.3  1.33879e-08
78428.2  1.40828e-08
86034.6  1.48037e-08
94378.8  1.55461e-08
103532  1.63159e-08
113573  1.71103e-08
124588  1.79294e-08
136672  1.87765e-08
149927  1.96682e-08
164468  2.05904e-08
180419  2.15266e-08
197917  2.24771e-08
217112  2.34611e-08
238169  2.44763e-08
261268  2.55225e-08
286607  2.65993e-08
314404  2.77082e-08
344896  2.88483e-08
378346  3.00254e-08
415040  3.12413e-08
455294  3.24924e-08
499451  3.37798e-08
547890  3.51008e-08
601028  3.64592e-08
659319  3.78571e-08
723263  3.93037e-08
793410  4.07936e-08
870359  4.23217e-08
954772  4.38914e-08
1.04737e+06  4.55032e-08
1.14895e+06  4.71703e-08
1.26038e+06  4.88916e-08
1.38262e+06  5.06561e-08
1.51672e+06  5.24672e-08
1.66382e+06  5.43283e-08
1.82518e+06  5.62573e-08
2.0022e+06  5.82433e-08
2.19639e+06  6.02782e-08
2.4094e+06  6.2363e-08
2.64308e+06  6.45177e-08
2.89942e+06  6.67435e-08
3.18063e+06  6.90258e-08
3.4891e+06  7.13732e-08
3.82749e+06  7.37932e-08
4.19871e+06  7.62849e-08
4.60592e+06  7.88571e-08
5.05263e+06  8.15046e-08
5.54266e+06  8.42395e-08
6.08022e+06  8.70538e-08
6.66992e+06  8.99563e-08
7.31681e+06  9.29381e-08
8.02643e+06  9.60065e-08
8.80488e+06  9.91644e-08
9.65883e+06  1.02407e-07
1.05956e+07  1.0576e-07
1.16232e+07  1.09218e-07
1.27505e+07  1.12766e-07
1.39871e+07  1.16417e-07
1.53437e+07  1.20168e-07
1.68318e+07  1.24024e-07
1.84642e+07  1.28012e-07
2.0255e+07  1.32114e-07
2.22195e+07  1.36317e-07
2.43744e+07  1.40645e-07
2.67384e+07  1.45079e-07
2.93317e+07  1.4966e-07
3.21764e+07  1.54386e-07
3.52971e+07  1.59223e-07
3.87204e+07  1.64197e-07
4.24757e+07  1.69296e-07
4.65953e+07  1.7457e-07
5.11143e+07  1.79992e-07
5.60717e+07  1.85551e-07
6.15099e+07  1.91254e-07
6.74754e+07  1.97106e-07
7.40196e+07  2.0316e-07
8.11984e+07  2.09371e-07
8.90735e+07  2.15741e-07
9.77124e+07  2.22267e-07
1.07189e+08  2.28983e-07
1.17585e+08  2.35916e-07
1.28989e+08  2.43016e-07
1.41499e+08  2.50301e-07
1.55223e+08  2.57763e-07
1.70277e+08  2.65469e-07
1.86791e+08  2.7339e-07
2.04907e+08  2.81488e-07
2.24781e+08  2.89799e-07
2.46581e+08  2.98341e-07
2.70496e+08  3.07136e-07
2.9673e+08  3.1616e-07
3.25509e+08  3.25379e-07
3.57079e+08  3.3486e-07
3.9171e+08  3.44647e-07
4.297e+08  3.54653e-07
4.71375e+08  3.64921e-07
5.17092e+08  3.75421e-07
5.67243e+08  3.86254e-07
6.22257e+08  3.97383e-07
6.82607e+08  4.0874e-07
7.4881e+08  4.20393e-07
8.21434e+08  4.3239e-07
9.01102e+08  4.447e-07
9.88496e+08  4.57319e-07
1.08437e+09  4.70205e-07
1.18953e+09  4.8348e-07
1.3049e+09  4.97137e-07
1.43146e+09  5.11078e-07
1.57029e+09  5.25363e-07
1.72259e+09  5.4004e-07
1.88965e+09  5.5512e-07
2.07292e+09  5.70561e-07
2.27397e+09  5.86314e-07
2.49451e+09  6.02527e-07
2.73644e+09  6.19213e-07
3.00184e+09  6.36247e-07
3.29297e+09  6.53682e-07
3.61234e+09  6.71576e-07
3.96269e+09  6.89989e-07
4.34701e+09  7.08826e-07
4.76861e+09  7.28041e-07
5.2311e+09  7.47883e-07
5.73844e+09  7.6776e-07
6.29499e+09  7.8658e-07
6.90551e+09  8.04291e-07
7.57525e+09  8.20809e-07
8.30994e+09  8.36257e-07
9.11589e+09  8.50649e-07
1e+10  8.63978e-07
