100  9.02904e-16
109.699  9.87456e-16
120.338  1.07986e-15
132.009  1.1811e-15
144.812  1.29175e-15
158.857  1.41289e-15
174.263  1.54543e-15
191.164  1.69058e-15
209.705  1.84916e-15
230.043  2.02287e-15
252.354  2.21269e-15
276.829  2.42053e-15
303.677  2.64954e-15
333.129  2.90088e-15
365.438  3.17607e-15
400.881  3.47694e-15
439.76  3.80654e-15
482.411  4.16683e-15
529.198  4.56135e-15
580.523  4.99306e-15
636.825  5.46512e-15
698.588  5.98133e-15
766.341  6.54573e-15
840.665  7.16306e-15
922.198  7.83841e-15
1011.64  8.57738e-15
1109.75  9.38468e-15
1217.38  1.02674e-14
1335.45  1.12315e-14
1464.97  1.22845e-14
1607.05  1.34322e-14
1762.91  1.46858e-14
1933.89  1.60508e-14
2121.45  1.75383e-14
2327.2  1.91588e-14
2552.91  2.09253e-14
2800.5  2.28485e-14
3072.11  2.49418e-14
3370.06  2.722e-14
3696.91  2.96982e-14
4055.46  3.23884e-14
4448.78  3.53068e-14
4880.25  3.84738e-14
5353.57  4.19088e-14
5872.79  4.56285e-14
6442.36  4.96547e-14
7067.18  5.40144e-14
7752.6  5.87263e-14
8504.49  6.38175e-14
9329.3  6.93147e-14
10234.1  7.52367e-14
11226.7  8.16105e-14
12315.5  8.84653e-14
13509.9  9.58259e-14
14820.2  1.03751e-13
16257.6  1.12269e-13
17834.3  1.21379e-13
19564  1.31117e-13
21461.4  1.41514e-13
23542.9  1.52652e-13
25826.2  1.64536e-13
28331  1.772e-13
31078.7  1.90694e-13
34092.9  2.05018e-13
37399.4  2.20204e-13
41026.6  2.36365e-13
45005.6  2.5352e-13
49370.5  2.71644e-13
54158.7  2.90766e-13
59411.3  3.11003e-13
65173.4  3.32364e-13
71494.3  3.53532e-13
78428.2  3.73981e-13
86034.6  3.93149e-13
94378.8  4.11037e-13
103532  4.27693e-13
113573  4.51527e-13
124588  4.78713e-13
136672  5.07019e-13
149927  5.36724e-13
164468  5.67546e-13
180419  5.99697e-13
197917  6.33192e-13
217112  6.68062e-13
238169  7.0421e-13
261268  7.41837e-13
286607  7.80909e-13
314404  8.21426e-13
344896  8.63417e-13
378346  9.07053e-13
415040  9.5212e-13
455294  9.98846e-13
499451  1.0472e-12
547890  1.09819e-12
601028  1.15072e-12
659319  1.20467e-12
723263  1.25988e-12
793410  1.31675e-12
870359  1.37583e-12
954772  1.43681e-12
1.04737e+06  1.49986e-12
1.14895e+06  1.5649e-12
1.26038e+06  1.63206e-12
1.38262e+06  1.70142e-12
1.51672e+06  1.77294e-12
1.66382e+06  1.84666e-12
1.82518e+06  1.92279e-12
2.0022e+06  2.00141e-12
2.19639e+06  2.08225e-12
2.4094e+06  2.16581e-12
2.64308e+06  2.25186e-12
2.89942e+06  2.34065e-12
3.18063e+06  2.4321e-12
3.4891e+06  2.52643e-12
3.82749e+06  2.6236e-12
4.19871e+06  2.72367e-12
4.60592e+06  2.82699e-12
5.05263e+06  2.93331e-12
5.54266e+06  3.04295e-12
6.08022e+06  3.15581e-12
6.66992e+06  3.27216e-12
7.31681e+06  3.3922e-12
8.02643e+06  3.51572e-12
8.80488e+06  3.64291e-12
9.65883e+06  3.77411e-12
1.05956e+07  3.90928e-12
1.16232e+07  4.04822e-12
1.27505e+07  4.19152e-12
1.39871e+07  4.33893e-12
1.53437e+07  4.49073e-12
1.68318e+07  4.64724e-12
1.84642e+07  4.80847e-12
2.0255e+07  4.9743e-12
2.22195e+07  5.14491e-12
2.43744e+07  5.32072e-12
2.67384e+07  5.50172e-12
2.93317e+07  5.68808e-12
3.21764e+07  5.87978e-12
3.52971e+07  6.07728e-12
3.87204e+07  6.28038e-12
4.24757e+07  6.48915e-12
4.65953e+07  6.70396e-12
5.11143e+07  6.92515e-12
5.60717e+07  7.1529e-12
6.15099e+07  7.38711e-12
6.74754e+07  7.62789e-12
7.40196e+07  7.87585e-12
8.11984e+07  8.13085e-12
8.90735e+07  8.39302e-12
9.77124e+07  8.66259e-12
1.07189e+08  8.93962e-12
1.17585e+08  9.22458e-12
1.28989e+08  9.51772e-12
1.41499e+08  9.81891e-12
1.55223e+08  1.01283e-11
1.70277e+08  1.04469e-11
1.86791e+08  1.07745e-11
2.04907e+08  1.11112e-11
2.24781e+08  1.1457e-11
2.46581e+08  1.18123e-11
2.70496e+08  1.21771e-11
2.9673e+08  1.2552e-11
3.25509e+08  1.29376e-11
3.57079e+08  1.33334e-11
3.9171e+08  1.37402e-11
4.297e+08  1.41581e-11
4.71375e+08  1.45878e-11
5.17092e+08  1.50289e-11
5.67243e+08  1.5482e-11
6.22257e+08  1.5947e-11
6.82607e+08  1.64244e-11
7.4881e+08  1.69143e-11
8.21434e+08  1.74174e-11
9.01102e+08  1.79348e-11
9.88496e+08  1.84655e-11
1.08437e+09  1.90101e-11
1.18953e+09  1.95691e-11
1.3049e+09  2.01434e-11
1.43146e+09  2.07329e-11
1.57029e+09  2.13378e-11
1.72259e+09  2.19584e-11
1.88965e+09  2.2595e-11
2.07292e+09  2.32483e-11
2.27397e+09  2.39186e-11
2.49451e+09  2.46058e-11
2.73644e+09  2.53117e-11
3.00184e+09  2.60356e-11
3.29297e+09  2.6778e-11
3.61234e+09  2.75393e-11
3.96269e+09  2.83203e-11
4.34701e+09  2.91221e-11
4.76861e+09  2.99442e-11
5.2311e+09  3.07874e-11
5.73844e+09  3.16519e-11
6.29499e+09  3.25381e-11
6.90551e+09  3.34465e-11
7.57525e+09  3.43775e-11
8.30994e+09  3.53314e-11
9.11589e+09  3.63098e-11
1e+10  3.73132e-11
