100  3.12321e-14
109.699  4.3181e-14
120.338  5.8822e-14
132.009  7.89915e-14
144.812  1.04887e-13
158.857  1.37934e-13
174.263  1.78984e-13
191.164  2.30176e-13
209.705  2.9321e-13
230.043  3.70647e-13
252.354  4.6454e-13
276.829  5.77711e-13
303.677  7.14217e-13
333.129  8.77041e-13
365.438  1.06939e-12
400.881  1.29699e-12
439.76  1.56526e-12
482.411  1.87953e-12
529.198  2.2449e-12
580.523  2.67831e-12
636.825  3.17973e-12
698.588  3.75756e-12
766.341  4.41962e-12
840.665  5.17868e-12
922.198  6.05187e-12
1011.64  7.04851e-12
1109.75  8.18732e-12
1217.38  9.48386e-12
1335.45  1.09575e-11
1464.97  1.26235e-11
1607.05  1.45135e-11
1762.91  1.66596e-11
1933.89  1.9082e-11
2121.45  2.18142e-11
2327.2  2.48816e-11
2552.91  2.83244e-11
2800.5  3.21938e-11
3072.11  3.65493e-11
3370.06  4.14326e-11
3696.91  4.68907e-11
4055.46  5.29812e-11
4448.78  5.97677e-11
4880.25  6.73397e-11
5353.57  7.57886e-11
5872.79  8.51844e-11
6442.36  9.56305e-11
7067.18  1.07249e-10
7752.6  1.20136e-10
8504.49  1.34361e-10
9329.3  1.50134e-10
10234.1  1.67562e-10
11226.7  1.86751e-10
12315.5  2.07962e-10
13509.9  2.31429e-10
14820.2  2.57198e-10
16257.6  2.85511e-10
17834.3  3.16544e-10
19564  3.50566e-10
21461.4  3.8786e-10
23542.9  4.28737e-10
25826.2  4.73475e-10
28331  5.2216e-10
31078.7  5.75203e-10
34092.9  6.33004e-10
37399.4  6.95817e-10
41026.6  7.64084e-10
45005.6  8.38239e-10
49370.5  9.18532e-10
54158.7  1.0053e-09
59411.3  1.09882e-09
65173.4  1.19987e-09
71494.3  1.3092e-09
78428.2  1.42652e-09
86034.6  1.55255e-09
94378.8  1.68792e-09
103532  1.83317e-09
113573  1.98874e-09
124588  2.15506e-09
136672  2.3327e-09
149927  2.52228e-09
164468  2.72466e-09
180419  2.94012e-09
197917  3.1684e-09
217112  3.41218e-09
238169  3.67036e-09
261268  3.94421e-09
286607  4.23381e-09
314404  4.54029e-09
344896  4.86924e-09
378346  5.21998e-09
415040  5.58821e-09
455294  5.97455e-09
499451  6.37825e-09
547890  6.79978e-09
601028  7.24583e-09
659319  7.71435e-09
723263  8.20734e-09
793410  8.72449e-09
870359  9.26709e-09
954772  9.83641e-09
1.04737e+06  1.04327e-08
1.14895e+06  1.10568e-08
1.26038e+06  1.17105e-08
1.38262e+06  1.2394e-08
1.51672e+06  1.31099e-08
1.66382e+06  1.38569e-08
1.82518e+06  1.46376e-08
2.0022e+06  1.54526e-08
2.19639e+06  1.63023e-08
2.4094e+06  1.71909e-08
2.64308e+06  1.81154e-08
2.89942e+06  1.9079e-08
3.18063e+06  2.00849e-08
3.4891e+06  2.11304e-08
3.82749e+06  2.22187e-08
4.19871e+06  2.33525e-08
4.60592e+06  2.45323e-08
5.05263e+06  2.57581e-08
5.54266e+06  2.70341e-08
6.08022e+06  2.83595e-08
6.66992e+06  2.97381e-08
7.31681e+06  3.1169e-08
8.02643e+06  3.26564e-08
8.80488e+06  3.41993e-08
9.65883e+06  3.58045e-08
1.05956e+07  3.74661e-08
1.16232e+07  3.91911e-08
1.27505e+07  4.09808e-08
1.39871e+07  4.28359e-08
1.53437e+07  4.47588e-08
1.68318e+07  4.67518e-08
1.84642e+07  4.88215e-08
2.0255e+07  5.09628e-08
2.22195e+07  5.31779e-08
2.43744e+07  5.54774e-08
2.67384e+07  5.78558e-08
2.93317e+07  6.03208e-08
3.21764e+07  6.28686e-08
3.52971e+07  6.55065e-08
3.87204e+07  6.82335e-08
4.24757e+07  7.10565e-08
4.65953e+07  7.39729e-08
5.11143e+07  7.69946e-08
5.60717e+07  8.01173e-08
6.15099e+07  8.3343e-08
6.74754e+07  8.66735e-08
7.40196e+07  9.01179e-08
8.11984e+07  9.36811e-08
8.90735e+07  9.73602e-08
9.77124e+07  1.01163e-07
1.07189e+08  1.05085e-07
1.17585e+08  1.09137e-07
1.28989e+08  1.13316e-07
1.41499e+08  1.17627e-07
1.55223e+08  1.22082e-07
1.70277e+08  1.26674e-07
1.86791e+08  1.31421e-07
2.04907e+08  1.36323e-07
2.24781e+08  1.41373e-07
2.46581e+08  1.46577e-07
2.70496e+08  1.51942e-07
2.9673e+08  1.57476e-07
3.25509e+08  1.63184e-07
3.57079e+08  1.69068e-07
3.9171e+08  1.75127e-07
4.297e+08  1.81376e-07
4.71375e+08  1.8782e-07
5.17092e+08  1.94458e-07
5.67243e+08  2.01292e-07
6.22257e+08  2.0833e-07
6.82607e+08  2.15575e-07
7.4881e+08  2.23038e-07
8.21434e+08  2.30733e-07
9.01102e+08  2.38653e-07
9.88496e+08  2.468e-07
1.08437e+09  2.55194e-07
1.18953e+09  2.6383e-07
1.3049e+09  2.72715e-07
1.43146e+09  2.81862e-07
1.57029e+09  2.91272e-07
1.72259e+09  3.0095e-07
1.88965e+09  3.10903e-07
2.07292e+09  3.21149e-07
2.27397e+09  3.31686e-07
2.49451e+09  3.42527e-07
2.73644e+09  3.5367e-07
3.00184e+09  3.65134e-07
3.29297e+09  3.76921e-07
3.61234e+09  3.89035e-07
3.96269e+09  4.01481e-07
4.34701e+09  4.14274e-07
4.76861e+09  4.27426e-07
5.2311e+09  4.4094e-07
5.73844e+09  4.54822e-07
6.29499e+09  4.69093e-07
6.90551e+09  4.83757e-07
7.57525e+09  4.98818e-07
8.30994e+09  5.14285e-07
9.11589e+09  5.30177e-07
1e+10  5.46513e-07
