100  2.07975e-15
109.699  2.26427e-15
120.338  2.33043e-15
132.009  2.54209e-15
144.812  6.1074e-16
158.857  1.85708e-16
174.263  2.19656e-16
191.164  2.69148e-16
209.705  3.27172e-16
230.043  3.94885e-16
252.354  4.74677e-16
276.829  5.66762e-16
303.677  6.74367e-16
333.129  8.00659e-16
365.438  9.45212e-16
400.881  1.11056e-15
439.76  1.29843e-15
482.411  1.51469e-15
529.198  1.76052e-15
580.523  2.04152e-15
636.825  2.35866e-15
698.588  2.71912e-15
766.341  3.12802e-15
840.665  3.58853e-15
922.198  4.11158e-15
1011.64  4.69957e-15
1109.75  5.36204e-15
1217.38  6.10383e-15
1335.45  6.93389e-15
1464.97  7.86907e-15
1607.05  8.91931e-15
1762.91  1.0094e-14
1933.89  1.13975e-14
2121.45  1.28487e-14
2327.2  1.44711e-14
2552.91  1.62714e-14
2800.5  1.82861e-14
3072.11  2.05043e-14
3370.06  2.29723e-14
3696.91  2.57056e-14
4055.46  2.87013e-14
4448.78  3.20251e-14
4880.25  3.56833e-14
5353.57  3.97337e-14
5872.79  4.41704e-14
6442.36  4.90144e-14
7067.18  5.4348e-14
7752.6  6.01721e-14
8504.49  6.65733e-14
9329.3  7.35156e-14
10234.1  8.11262e-14
11226.7  8.9335e-14
12315.5  9.83261e-14
13509.9  1.08024e-13
14820.2  1.18598e-13
16257.6  1.29962e-13
17834.3  1.42163e-13
19564  1.44982e-13
21461.4  1.48394e-13
23542.9  1.61356e-13
25826.2  1.75272e-13
28331  1.90102e-13
31078.7  2.05925e-13
34092.9  2.22801e-13
37399.4  2.40781e-13
41026.6  2.59814e-13
45005.6  2.80024e-13
49370.5  3.01518e-13
54158.7  3.24182e-13
59411.3  3.48227e-13
65173.4  3.73513e-13
71494.3  4.00142e-13
78428.2  4.28245e-13
86034.6  4.58418e-13
94378.8  4.9042e-13
103532  5.23788e-13
113573  5.58661e-13
124588  5.94598e-13
136672  6.32315e-13
149927  6.71913e-13
164468  7.13356e-13
180419  7.56701e-13
197917  8.02034e-13
217112  8.49337e-13
238169  8.98784e-13
261268  9.5027e-13
286607  1.00407e-12
314404  1.06003e-12
344896  1.1184e-12
378346  1.17907e-12
415040  1.24222e-12
455294  1.30786e-12
499451  1.37606e-12
547890  1.44706e-12
601028  1.52101e-12
659319  1.59781e-12
723263  1.67753e-12
793410  1.76012e-12
870359  1.84586e-12
954772  1.9345e-12
1.04737e+06  2.02651e-12
1.14895e+06  2.12231e-12
1.26038e+06  2.22164e-12
1.38262e+06  2.32465e-12
1.51672e+06  2.43094e-12
1.66382e+06  2.54107e-12
1.82518e+06  2.65486e-12
2.0022e+06  2.77309e-12
2.19639e+06  2.89583e-12
2.4094e+06  3.02229e-12
2.64308e+06  3.15302e-12
2.89942e+06  3.28791e-12
3.18063e+06  3.42804e-12
3.4891e+06  3.5735e-12
3.82749e+06  3.72322e-12
4.19871e+06  3.87766e-12
4.60592e+06  4.03697e-12
5.05263e+06  4.20256e-12
5.54266e+06  4.37384e-12
6.08022e+06  4.54996e-12
6.66992e+06  4.73125e-12
7.31681e+06  4.91876e-12
8.02643e+06  5.11349e-12
8.80488e+06  5.31399e-12
9.65883e+06  5.52015e-12
1.05956e+07  5.73251e-12
1.16232e+07  5.95339e-12
1.27505e+07  6.18093e-12
1.39871e+07  6.41453e-12
1.53437e+07  6.6547e-12
1.68318e+07  6.90424e-12
1.84642e+07  7.16147e-12
2.0255e+07  7.4257e-12
2.22195e+07  7.69674e-12
2.43744e+07  7.97798e-12
2.67384e+07  8.26855e-12
2.93317e+07  8.56614e-12
3.21764e+07  8.87175e-12
3.52971e+07  9.18904e-12
3.87204e+07  9.51579e-12
4.24757e+07  9.85102e-12
4.65953e+07  1.0196e-11
5.11143e+07  1.0551e-11
5.60717e+07  1.09183e-11
6.15099e+07  1.12971e-11
6.74754e+07  1.16846e-11
7.40196e+07  1.20843e-11
8.11984e+07  1.24959e-11
8.90735e+07  1.29209e-11
9.77124e+07  1.33586e-11
1.07189e+08  1.3807e-11
1.17585e+08  1.42689e-11
1.28989e+08  1.47442e-11
1.41499e+08  1.52345e-11
1.55223e+08  1.57393e-11
1.70277e+08  1.6255e-11
1.86791e+08  1.67855e-11
2.04907e+08  1.73353e-11
2.24781e+08  1.78991e-11
2.46581e+08  1.84781e-11
2.70496e+08  1.90708e-11
2.9673e+08  1.96836e-11
3.25509e+08  2.03147e-11
3.57079e+08  2.0961e-11
3.9171e+08  2.16256e-11
4.297e+08  2.23053e-11
4.71375e+08  2.3009e-11
5.17092e+08  2.37319e-11
5.67243e+08  2.44701e-11
6.22257e+08  2.52274e-11
6.82607e+08  2.6012e-11
7.4881e+08  2.68159e-11
8.21434e+08  2.76396e-11
9.01102e+08  2.84817e-11
9.88496e+08  2.93532e-11
1.08437e+09  3.02483e-11
1.18953e+09  3.11629e-11
1.3049e+09  3.21023e-11
1.43146e+09  3.30665e-11
1.57029e+09  3.40598e-11
1.72259e+09  3.50785e-11
1.88965e+09  3.61162e-11
2.07292e+09  3.71872e-11
2.27397e+09  3.82917e-11
2.49451e+09  3.94176e-11
2.73644e+09  4.05711e-11
3.00184e+09  4.17598e-11
3.29297e+09  4.2983e-11
3.61234e+09  4.42342e-11
3.96269e+09  4.54449e-11
4.34701e+09  4.6569e-11
4.76861e+09  4.76042e-11
5.2311e+09  4.85492e-11
5.73844e+09  4.94033e-11
6.29499e+09  5.01663e-11
6.90551e+09  5.08447e-11
7.57525e+09  5.14423e-11
8.30994e+09  5.19635e-11
9.11589e+09  5.24378e-11
1e+10  5.28493e-11
