100  2.26191e-10
109.699  2.50368e-10
120.338  2.75884e-10
132.009  3.04659e-10
144.812  3.37204e-10
158.857  3.71833e-10
174.263  4.08295e-10
191.164  4.49135e-10
209.705  4.97397e-10
230.043  5.48967e-10
252.354  6.03721e-10
276.829  6.61912e-10
303.677  7.259e-10
333.129  7.96066e-10
365.438  8.79852e-10
400.881  9.72196e-10
439.76  1.07064e-09
482.411  1.17552e-09
529.198  1.28845e-09
580.523  1.4123e-09
636.825  1.54763e-09
698.588  1.6952e-09
766.341  1.85604e-09
840.665  2.03259e-09
922.198  2.22523e-09
1011.64  2.43492e-09
1109.75  2.66402e-09
1217.38  2.91444e-09
1335.45  3.18653e-09
1464.97  3.50902e-09
1607.05  3.86337e-09
1762.91  4.2356e-09
1933.89  4.62874e-09
2121.45  5.05307e-09
2327.2  5.51081e-09
2552.91  6.00863e-09
2800.5  6.54817e-09
3072.11  7.12931e-09
3370.06  7.75993e-09
3696.91  8.44061e-09
4055.46  9.17936e-09
4448.78  9.97376e-09
4880.25  1.08247e-08
5353.57  1.1747e-08
5872.79  1.27349e-08
6442.36  1.3801e-08
7067.18  1.49389e-08
7752.6  1.61641e-08
8504.49  1.74657e-08
9329.3  1.88649e-08
10234.1  2.03621e-08
11226.7  2.19505e-08
12315.5  2.36471e-08
13509.9  2.54475e-08
14820.2  2.73678e-08
16257.6  2.94067e-08
17834.3  3.1553e-08
19564  3.18819e-08
21461.4  3.36771e-08
23542.9  3.59217e-08
25826.2  3.82908e-08
28331  4.07698e-08
31078.7  4.33589e-08
34092.9  4.60645e-08
37399.4  4.88973e-08
41026.6  5.18551e-08
45005.6  5.4941e-08
49370.5  5.81469e-08
54158.7  6.14769e-08
59411.3  6.4946e-08
65173.4  6.85438e-08
71494.3  7.22805e-08
78428.2  7.6172e-08
86034.6  8.02001e-08
94378.8  8.43683e-08
103532  8.87128e-08
113573  9.32843e-08
124588  9.79974e-08
136672  1.02824e-07
149927  1.07736e-07
164468  1.1284e-07
180419  1.18115e-07
197917  1.23568e-07
217112  1.29204e-07
238169  1.35034e-07
261268  1.41064e-07
286607  1.47281e-07
314404  1.53698e-07
344896  1.60316e-07
378346  1.67137e-07
415040  1.74166e-07
455294  1.8141e-07
499451  1.88908e-07
547890  1.96664e-07
601028  2.04644e-07
659319  2.12867e-07
723263  2.21314e-07
793410  2.30018e-07
870359  2.39038e-07
954772  2.48347e-07
1.04737e+06  2.57935e-07
1.14895e+06  2.67773e-07
1.26038e+06  2.77899e-07
1.38262e+06  2.88386e-07
1.51672e+06  2.9922e-07
1.66382e+06  3.10367e-07
1.82518e+06  3.21792e-07
2.0022e+06  3.33538e-07
2.19639e+06  3.45734e-07
2.4094e+06  3.58282e-07
2.64308e+06  3.71176e-07
2.89942e+06  3.84393e-07
3.18063e+06  3.98054e-07
3.4891e+06  4.12211e-07
3.82749e+06  4.26714e-07
4.19871e+06  4.41597e-07
4.60592e+06  4.56896e-07
5.05263e+06  4.72783e-07
5.54266e+06  4.891e-07
6.08022e+06  5.05796e-07
6.66992e+06  5.22939e-07
7.31681e+06  5.40743e-07
8.02643e+06  5.59012e-07
8.80488e+06  5.77741e-07
9.65883e+06  5.96949e-07
1.05956e+07  6.16873e-07
1.16232e+07  6.37361e-07
1.27505e+07  6.58315e-07
1.39871e+07  6.79896e-07
1.53437e+07  7.02099e-07
1.68318e+07  7.25004e-07
1.84642e+07  7.48584e-07
2.0255e+07  7.72717e-07
2.22195e+07  7.97581e-07
2.43744e+07  8.23091e-07
2.67384e+07  8.49478e-07
2.93317e+07  8.76619e-07
3.21764e+07  9.04379e-07
3.52971e+07  9.3293e-07
3.87204e+07  9.62301e-07
4.24757e+07  9.92597e-07
4.65953e+07  1.0237e-06
5.11143e+07  1.05551e-06
5.60717e+07  1.08822e-06
6.15099e+07  1.12197e-06
6.74754e+07  1.15664e-06
7.40196e+07  1.19225e-06
8.11984e+07  1.22862e-06
8.90735e+07  1.26608e-06
9.77124e+07  1.30484e-06
1.07189e+08  1.34443e-06
1.17585e+08  1.3851e-06
1.28989e+08  1.42665e-06
1.41499e+08  1.46963e-06
1.55223e+08  1.51379e-06
1.70277e+08  1.55886e-06
1.86791e+08  1.60518e-06
2.04907e+08  1.65275e-06
2.24781e+08  1.70174e-06
2.46581e+08  1.75204e-06
2.70496e+08  1.8033e-06
2.9673e+08  1.85611e-06
3.25509e+08  1.91063e-06
3.57079e+08  1.96623e-06
3.9171e+08  2.02333e-06
4.297e+08  2.08168e-06
4.71375e+08  2.14194e-06
5.17092e+08  2.2038e-06
5.67243e+08  2.26681e-06
6.22257e+08  2.33145e-06
6.82607e+08  2.39833e-06
7.4881e+08  2.4666e-06
8.21434e+08  2.53662e-06
9.01102e+08  2.60807e-06
9.88496e+08  2.68185e-06
1.08437e+09  2.75765e-06
1.18953e+09  2.8348e-06
1.3049e+09  2.91382e-06
1.43146e+09  2.99554e-06
1.57029e+09  3.07892e-06
1.72259e+09  3.1643e-06
1.88965e+09  3.25145e-06
2.07292e+09  3.34155e-06
2.27397e+09  3.43383e-06
2.49451e+09  3.52794e-06
2.73644e+09  3.62419e-06
3.00184e+09  3.72378e-06
3.29297e+09  3.82565e-06
3.61234e+09  3.92946e-06
3.96269e+09  4.02858e-06
4.34701e+09  4.12034e-06
4.76861e+09  4.20416e-06
5.2311e+09  4.28035e-06
5.73844e+09  4.34886e-06
6.29499e+09  4.40966e-06
6.90551e+09  4.46347e-06
7.57525e+09  4.51048e-06
8.30994e+09  4.55141e-06
9.11589e+09  4.589e-06
1e+10  4.6208e-06
