100  7.78391e-13
109.699  1.01253e-12
120.338  1.30035e-12
132.009  1.65185e-12
144.812  2.07703e-12
158.857  2.58795e-12
174.263  3.1977e-12
191.164  3.91476e-12
209.705  4.76312e-12
230.043  5.75457e-12
252.354  6.90934e-12
276.829  8.25353e-12
303.677  9.82266e-12
333.129  1.16344e-11
365.438  1.37132e-11
400.881  1.60832e-11
439.76  1.87843e-11
482.411  2.18683e-11
529.198  2.53718e-11
580.523  2.93659e-11
636.825  3.38476e-11
698.588  3.89587e-11
766.341  4.46936e-11
840.665  5.1185e-11
922.198  5.84905e-11
1011.64  6.67026e-11
1109.75  7.59319e-11
1217.38  8.62357e-11
1335.45  9.7736e-11
1464.97  1.10677e-10
1607.05  1.25102e-10
1762.91  1.4128e-10
1933.89  1.59238e-10
2121.45  1.79122e-10
2327.2  2.01296e-10
2552.91  2.25933e-10
2800.5  2.53193e-10
3072.11  2.83585e-10
3370.06  3.17066e-10
3696.91  3.54035e-10
4055.46  3.95044e-10
4448.78  4.40053e-10
4880.25  4.89448e-10
5353.57  5.44066e-10
5872.79  6.03815e-10
6442.36  6.69829e-10
7067.18  7.41921e-10
7752.6  8.20402e-10
8504.49  9.0646e-10
9329.3  1.00011e-09
10234.1  1.10247e-09
11226.7  1.21378e-09
12315.5  1.33434e-09
13509.9  1.46565e-09
14820.2  1.60691e-09
16257.6  1.76069e-09
17834.3  1.92618e-09
19564  2.1051e-09
21461.4  2.29679e-09
23542.9  2.50349e-09
25826.2  2.7249e-09
28331  2.96182e-09
31078.7  3.21685e-09
34092.9  3.48711e-09
37399.4  3.77633e-09
41026.6  4.08559e-09
45005.6  4.4132e-09
49370.5  4.76033e-09
54158.7  5.13081e-09
59411.3  5.5234e-09
65173.4  5.93626e-09
71494.3  6.37305e-09
78428.2  6.8367e-09
86034.6  7.32513e-09
94378.8  7.8383e-09
103532  8.37829e-09
113573  8.95997e-09
124588  9.57468e-09
136672  1.02113e-08
149927  1.08719e-08
164468  1.15587e-08
180419  1.22796e-08
197917  1.30354e-08
217112  1.38253e-08
238169  1.46516e-08
261268  1.55135e-08
286607  1.64143e-08
314404  1.73522e-08
344896  1.83312e-08
378346  1.93502e-08
415040  2.04126e-08
455294  2.15198e-08
499451  2.26735e-08
547890  2.38753e-08
601028  2.51238e-08
659319  2.64217e-08
723263  2.77698e-08
793410  2.91684e-08
870359  3.06209e-08
954772  3.21251e-08
1.04737e+06  3.36898e-08
1.14895e+06  3.53191e-08
1.26038e+06  3.70077e-08
1.38262e+06  3.87607e-08
1.51672e+06  4.05708e-08
1.66382e+06  4.24481e-08
1.82518e+06  4.43907e-08
2.0022e+06  4.64124e-08
2.19639e+06  4.85119e-08
2.4094e+06  5.06753e-08
2.64308e+06  5.2915e-08
2.89942e+06  5.5224e-08
3.18063e+06  5.76234e-08
3.4891e+06  6.01178e-08
3.82749e+06  6.26896e-08
4.19871e+06  6.53457e-08
4.60592e+06  6.80827e-08
5.05263e+06  7.09253e-08
5.54266e+06  7.38762e-08
6.08022e+06  7.69148e-08
6.66992e+06  8.00448e-08
7.31681e+06  8.32729e-08
8.02643e+06  8.66308e-08
8.80488e+06  9.00975e-08
9.65883e+06  9.36647e-08
1.05956e+07  9.73305e-08
1.16232e+07  1.01137e-07
1.27505e+07  1.05083e-07
1.39871e+07  1.09136e-07
1.53437e+07  1.13306e-07
1.68318e+07  1.17608e-07
1.84642e+07  1.2208e-07
2.0255e+07  1.26677e-07
2.22195e+07  1.31433e-07
2.43744e+07  1.3632e-07
2.67384e+07  1.41366e-07
2.93317e+07  1.46561e-07
3.21764e+07  1.51957e-07
3.52971e+07  1.57512e-07
3.87204e+07  1.63241e-07
4.24757e+07  1.69139e-07
4.65953e+07  1.75207e-07
5.11143e+07  1.81474e-07
5.60717e+07  1.8795e-07
6.15099e+07  1.94631e-07
6.74754e+07  2.01475e-07
7.40196e+07  2.08539e-07
8.11984e+07  2.15816e-07
8.90735e+07  2.23332e-07
9.77124e+07  2.31082e-07
1.07189e+08  2.39028e-07
1.17585e+08  2.47221e-07
1.28989e+08  2.55646e-07
1.41499e+08  2.64356e-07
1.55223e+08  2.73332e-07
1.70277e+08  2.8251e-07
1.86791e+08  2.9196e-07
2.04907e+08  3.01732e-07
2.24781e+08  3.11778e-07
2.46581e+08  3.22104e-07
2.70496e+08  3.32681e-07
2.9673e+08  3.43577e-07
3.25509e+08  3.54859e-07
3.57079e+08  3.6642e-07
3.9171e+08  3.78318e-07
4.297e+08  3.90486e-07
4.71375e+08  4.03055e-07
5.17092e+08  4.16021e-07
5.67243e+08  4.29272e-07
6.22257e+08  4.42879e-07
6.82607e+08  4.56889e-07
7.4881e+08  4.71336e-07
8.21434e+08  4.86153e-07
9.01102e+08  5.01304e-07
9.88496e+08  5.16908e-07
1.08437e+09  5.33037e-07
1.18953e+09  5.49527e-07
1.3049e+09  5.66486e-07
1.43146e+09  5.83818e-07
1.57029e+09  6.01721e-07
1.72259e+09  6.20142e-07
1.88965e+09  6.38907e-07
2.07292e+09  6.58199e-07
2.27397e+09  6.78133e-07
2.49451e+09  6.98519e-07
2.73644e+09  7.19435e-07
3.00184e+09  7.40827e-07
3.29297e+09  7.62929e-07
3.61234e+09  7.85621e-07
3.96269e+09  8.08786e-07
4.34701e+09  8.32561e-07
4.76861e+09  8.57169e-07
5.2311e+09  8.81583e-07
5.73844e+09  9.04317e-07
6.29499e+09  9.25332e-07
6.90551e+09  9.44603e-07
7.57525e+09  9.62123e-07
8.30994e+09  9.77896e-07
9.11589e+09  9.91919e-07
1e+10  1.00441e-06
