100  3.58841e-12
109.699  3.92445e-12
120.338  4.29169e-12
132.009  4.69404e-12
144.812  5.13379e-12
158.857  5.61528e-12
174.263  6.14198e-12
191.164  6.71884e-12
209.705  7.34912e-12
230.043  8.03947e-12
252.354  8.79391e-12
276.829  9.61989e-12
303.677  1.05301e-11
333.129  1.15289e-11
365.438  1.26226e-11
400.881  1.38184e-11
439.76  1.51283e-11
482.411  1.65602e-11
529.198  1.81281e-11
580.523  1.98439e-11
636.825  2.172e-11
698.588  2.37716e-11
766.341  2.60146e-11
840.665  2.84682e-11
922.198  3.11522e-11
1011.64  3.40889e-11
1109.75  3.72976e-11
1217.38  4.08058e-11
1335.45  4.46373e-11
1464.97  4.88224e-11
1607.05  5.33836e-11
1762.91  5.8366e-11
1933.89  6.37908e-11
2121.45  6.97023e-11
2327.2  7.61426e-11
2552.91  8.31632e-11
2800.5  9.08066e-11
3072.11  9.9126e-11
3370.06  1.0818e-10
3696.91  1.1803e-10
4055.46  1.28721e-10
4448.78  1.40319e-10
4880.25  1.52906e-10
5353.57  1.66558e-10
5872.79  1.8134e-10
6442.36  1.97342e-10
7067.18  2.14669e-10
7752.6  2.33396e-10
8504.49  2.53629e-10
9329.3  2.75477e-10
10234.1  2.99012e-10
11226.7  3.24345e-10
12315.5  3.51588e-10
13509.9  3.80841e-10
14820.2  4.12337e-10
16257.6  4.46191e-10
17834.3  4.82397e-10
19564  5.21097e-10
21461.4  5.62418e-10
23542.9  6.06681e-10
25826.2  6.53912e-10
28331  7.04245e-10
31078.7  7.57877e-10
34092.9  8.14802e-10
37399.4  8.75158e-10
41026.6  9.39386e-10
45005.6  1.00756e-09
49370.5  1.07959e-09
54158.7  1.15559e-09
59411.3  1.23602e-09
65173.4  1.32092e-09
71494.3  1.40504e-09
78428.2  1.48631e-09
86034.6  1.56249e-09
94378.8  1.63358e-09
103532  1.69977e-09
113573  1.7945e-09
124588  1.90255e-09
136672  2.01505e-09
149927  2.1331e-09
164468  2.2556e-09
180419  2.38337e-09
197917  2.51649e-09
217112  2.65508e-09
238169  2.79874e-09
261268  2.94828e-09
286607  3.10356e-09
314404  3.26459e-09
344896  3.43147e-09
378346  3.6049e-09
415040  3.78399e-09
455294  3.96971e-09
499451  4.16188e-09
547890  4.36454e-09
601028  4.57332e-09
659319  4.78772e-09
723263  5.00715e-09
793410  5.23318e-09
870359  5.46796e-09
954772  5.71032e-09
1.04737e+06  5.96088e-09
1.14895e+06  6.21937e-09
1.26038e+06  6.48627e-09
1.38262e+06  6.76193e-09
1.51672e+06  7.04618e-09
1.66382e+06  7.33918e-09
1.82518e+06  7.64174e-09
2.0022e+06  7.9542e-09
2.19639e+06  8.27548e-09
2.4094e+06  8.60757e-09
2.64308e+06  8.94956e-09
2.89942e+06  9.30243e-09
3.18063e+06  9.66588e-09
3.4891e+06  1.00408e-08
3.82749e+06  1.0427e-08
4.19871e+06  1.08247e-08
4.60592e+06  1.12353e-08
5.05263e+06  1.16578e-08
5.54266e+06  1.20936e-08
6.08022e+06  1.25421e-08
6.66992e+06  1.30045e-08
7.31681e+06  1.34816e-08
8.02643e+06  1.39725e-08
8.80488e+06  1.4478e-08
9.65883e+06  1.49994e-08
1.05956e+07  1.55366e-08
1.16232e+07  1.60888e-08
1.27505e+07  1.66583e-08
1.39871e+07  1.72442e-08
1.53437e+07  1.78475e-08
1.68318e+07  1.84695e-08
1.84642e+07  1.91103e-08
2.0255e+07  1.97693e-08
2.22195e+07  2.04474e-08
2.43744e+07  2.11461e-08
2.67384e+07  2.18655e-08
2.93317e+07  2.26061e-08
3.21764e+07  2.33679e-08
3.52971e+07  2.4153e-08
3.87204e+07  2.496e-08
4.24757e+07  2.57898e-08
4.65953e+07  2.66436e-08
5.11143e+07  2.75226e-08
5.60717e+07  2.84277e-08
6.15099e+07  2.93586e-08
6.74754e+07  3.03155e-08
7.40196e+07  3.1301e-08
8.11984e+07  3.23143e-08
8.90735e+07  3.33563e-08
9.77124e+07  3.44277e-08
1.07189e+08  3.55288e-08
1.17585e+08  3.66612e-08
1.28989e+08  3.78262e-08
1.41499e+08  3.90232e-08
1.55223e+08  4.0253e-08
1.70277e+08  4.1519e-08
1.86791e+08  4.28212e-08
2.04907e+08  4.41593e-08
2.24781e+08  4.55336e-08
2.46581e+08  4.69454e-08
2.70496e+08  4.83954e-08
2.9673e+08  4.98856e-08
3.25509e+08  5.14179e-08
3.57079e+08  5.29908e-08
3.9171e+08  5.46077e-08
4.297e+08  5.62686e-08
4.71375e+08  5.79762e-08
5.17092e+08  5.97294e-08
5.67243e+08  6.15299e-08
6.22257e+08  6.33783e-08
6.82607e+08  6.52751e-08
7.4881e+08  6.72223e-08
8.21434e+08  6.92219e-08
9.01102e+08  7.12779e-08
9.88496e+08  7.33875e-08
1.08437e+09  7.55519e-08
1.18953e+09  7.77733e-08
1.3049e+09  8.00558e-08
1.43146e+09  8.23986e-08
1.57029e+09  8.48027e-08
1.72259e+09  8.7269e-08
1.88965e+09  8.97989e-08
2.07292e+09  9.23956e-08
2.27397e+09  9.50592e-08
2.49451e+09  9.77907e-08
2.73644e+09  1.00596e-07
3.00184e+09  1.03473e-07
3.29297e+09  1.06424e-07
3.61234e+09  1.09449e-07
3.96269e+09  1.12553e-07
4.34701e+09  1.1574e-07
4.76861e+09  1.19007e-07
5.2311e+09  1.22358e-07
5.73844e+09  1.25794e-07
6.29499e+09  1.29316e-07
6.90551e+09  1.32927e-07
7.57525e+09  1.36626e-07
8.30994e+09  1.40417e-07
9.11589e+09  1.44306e-07
1e+10  1.48293e-07
