100  1.35439e-11
109.699  1.48147e-11
120.338  1.62042e-11
132.009  1.77264e-11
144.812  1.93906e-11
158.857  2.12139e-11
174.263  2.32098e-11
191.164  2.53935e-11
209.705  2.77833e-11
230.043  3.03989e-11
252.354  3.32591e-11
276.829  3.63938e-11
303.677  3.98276e-11
333.129  4.3588e-11
365.438  4.76975e-11
400.881  5.21989e-11
439.76  5.71182e-11
482.411  6.25023e-11
529.198  6.83889e-11
580.523  7.4834e-11
636.825  8.18753e-11
698.588  8.95776e-11
766.341  9.79949e-11
840.665  1.07197e-10
922.198  1.17258e-10
1011.64  1.28261e-10
1109.75  1.40285e-10
1217.38  1.53425e-10
1335.45  1.67781e-10
1464.97  1.83452e-10
1607.05  2.00578e-10
1762.91  2.19247e-10
1933.89  2.39616e-10
2121.45  2.61825e-10
2327.2  2.86003e-10
2552.91  3.12361e-10
2800.5  3.41046e-10
3072.11  3.72301e-10
3370.06  4.06284e-10
3696.91  4.43242e-10
4055.46  4.83436e-10
4448.78  5.27128e-10
4880.25  5.74566e-10
5353.57  6.26035e-10
5872.79  6.81778e-10
6442.36  7.42185e-10
7067.18  8.07609e-10
7752.6  8.7838e-10
8504.49  9.54866e-10
9329.3  1.0375e-09
10234.1  1.12663e-09
11226.7  1.22274e-09
12315.5  1.32636e-09
13509.9  1.43796e-09
14820.2  1.55775e-09
16257.6  1.68613e-09
17834.3  1.824e-09
19564  1.9718e-09
21461.4  2.13024e-09
23542.9  2.29963e-09
25826.2  2.48037e-09
28331  2.67288e-09
31078.7  2.87802e-09
34092.9  3.09693e-09
37399.4  3.32936e-09
41026.6  3.57635e-09
45005.6  3.83827e-09
49370.5  4.11515e-09
54158.7  4.40837e-09
59411.3  4.71894e-09
65173.4  5.04677e-09
71494.3  5.39168e-09
78428.2  5.75502e-09
86034.6  6.13861e-09
94378.8  6.54112e-09
103532  6.96386e-09
113573  7.40672e-09
124588  7.87239e-09
136672  8.35924e-09
149927  8.86839e-09
164468  9.39965e-09
180419  9.95711e-09
197917  1.05365e-08
217112  1.11408e-08
238169  1.17712e-08
261268  1.24279e-08
286607  1.31094e-08
314404  1.38191e-08
344896  1.45569e-08
378346  1.53218e-08
415040  1.61162e-08
455294  1.69409e-08
499451  1.77945e-08
547890  1.8679e-08
601028  1.9596e-08
659319  2.05639e-08
723263  2.15607e-08
793410  2.25852e-08
870359  2.36344e-08
954772  2.4716e-08
1.04737e+06  2.584e-08
1.14895e+06  2.70008e-08
1.26038e+06  2.82007e-08
1.38262e+06  2.94411e-08
1.51672e+06  3.07214e-08
1.66382e+06  3.20434e-08
1.82518e+06  3.34084e-08
2.0022e+06  3.48174e-08
2.19639e+06  3.62715e-08
2.4094e+06  3.77733e-08
2.64308e+06  3.93207e-08
2.89942e+06  4.09192e-08
3.18063e+06  4.25658e-08
3.4891e+06  4.42655e-08
3.82749e+06  4.60172e-08
4.19871e+06  4.78268e-08
4.60592e+06  4.96895e-08
5.05263e+06  5.16097e-08
5.54266e+06  5.35923e-08
6.08022e+06  5.56335e-08
6.66992e+06  5.77405e-08
7.31681e+06  5.99086e-08
8.02643e+06  6.21473e-08
8.80488e+06  6.44558e-08
9.65883e+06  6.68317e-08
1.05956e+07  6.92809e-08
1.16232e+07  7.18077e-08
1.27505e+07  7.4411e-08
1.39871e+07  7.70916e-08
1.53437e+07  7.98544e-08
1.68318e+07  8.26968e-08
1.84642e+07  8.5626e-08
2.0255e+07  8.86479e-08
2.22195e+07  9.17605e-08
2.43744e+07  9.49635e-08
2.67384e+07  9.82653e-08
2.93317e+07  1.01666e-07
3.21764e+07  1.05167e-07
3.52971e+07  1.08771e-07
3.87204e+07  1.12482e-07
4.24757e+07  1.16305e-07
4.65953e+07  1.20238e-07
5.11143e+07  1.24284e-07
5.60717e+07  1.28455e-07
6.15099e+07  1.32748e-07
6.74754e+07  1.37165e-07
7.40196e+07  1.41709e-07
8.11984e+07  1.46382e-07
8.90735e+07  1.51197e-07
9.77124e+07  1.56149e-07
1.07189e+08  1.61246e-07
1.17585e+08  1.66488e-07
1.28989e+08  1.71885e-07
1.41499e+08  1.77433e-07
1.55223e+08  1.83137e-07
1.70277e+08  1.88999e-07
1.86791e+08  1.95024e-07
2.04907e+08  2.01225e-07
2.24781e+08  2.07612e-07
2.46581e+08  2.14176e-07
2.70496e+08  2.20917e-07
2.9673e+08  2.27854e-07
3.25509e+08  2.34986e-07
3.57079e+08  2.42313e-07
3.9171e+08  2.49841e-07
4.297e+08  2.57573e-07
4.71375e+08  2.65523e-07
5.17092e+08  2.73685e-07
5.67243e+08  2.82082e-07
6.22257e+08  2.90709e-07
6.82607e+08  2.99571e-07
7.4881e+08  3.08673e-07
8.21434e+08  3.18029e-07
9.01102e+08  3.27641e-07
9.88496e+08  3.37513e-07
1.08437e+09  3.47649e-07
1.18953e+09  3.58053e-07
1.3049e+09  3.6873e-07
1.43146e+09  3.79692e-07
1.57029e+09  3.90944e-07
1.72259e+09  4.02514e-07
1.88965e+09  4.14387e-07
2.07292e+09  4.26572e-07
2.27397e+09  4.39083e-07
2.49451e+09  4.51934e-07
2.73644e+09  4.65131e-07
3.00184e+09  4.78668e-07
3.29297e+09  4.9255e-07
3.61234e+09  5.06793e-07
3.96269e+09  5.21397e-07
4.34701e+09  5.36382e-07
4.76861e+09  5.51748e-07
5.2311e+09  5.67524e-07
5.73844e+09  5.83727e-07
6.29499e+09  6.00343e-07
6.90551e+09  6.17386e-07
7.57525e+09  6.34858e-07
8.30994e+09  6.52794e-07
9.11589e+09  6.71187e-07
1e+10  6.90043e-07
