100  2.21476e-10
109.699  2.44285e-10
120.338  2.70684e-10
132.009  2.98251e-10
144.812  3.27638e-10
158.857  3.59585e-10
174.263  3.98864e-10
191.164  4.4085e-10
209.705  4.84797e-10
230.043  5.32406e-10
252.354  5.84661e-10
276.829  6.41817e-10
303.677  7.04603e-10
333.129  7.8317e-10
365.438  8.63952e-10
400.881  9.49709e-10
439.76  1.04291e-09
482.411  1.1445e-09
529.198  1.25565e-09
580.523  1.37808e-09
636.825  1.5133e-09
698.588  1.66095e-09
766.341  1.82202e-09
840.665  1.99834e-09
922.198  2.19112e-09
1011.64  2.40184e-09
1109.75  2.63117e-09
1217.38  2.88129e-09
1335.45  3.16874e-09
1464.97  3.50087e-09
1607.05  3.84413e-09
1762.91  4.20781e-09
1933.89  4.59807e-09
2121.45  5.02502e-09
2327.2  5.48719e-09
2552.91  5.99068e-09
2800.5  6.53623e-09
3072.11  7.12712e-09
3370.06  7.76854e-09
3696.91  8.45782e-09
4055.46  9.20512e-09
4448.78  1.00131e-08
4880.25  1.08878e-08
5353.57  1.18236e-08
5872.79  1.28294e-08
6442.36  1.39102e-08
7067.18  1.50803e-08
7752.6  1.63234e-08
8504.49  1.76654e-08
9329.3  1.9084e-08
10234.1  2.06113e-08
11226.7  2.22451e-08
12315.5  2.39742e-08
13509.9  2.5817e-08
14820.2  2.7775e-08
16257.6  2.98537e-08
17834.3  3.20307e-08
19564  3.25901e-08
21461.4  3.30067e-08
23542.9  3.44788e-08
25826.2  3.67807e-08
28331  3.91929e-08
31078.7  4.17187e-08
34092.9  4.43623e-08
37399.4  4.71237e-08
41026.6  5.00218e-08
45005.6  5.30527e-08
49370.5  5.62061e-08
54158.7  5.94882e-08
59411.3  6.29132e-08
65173.4  6.6462e-08
71494.3  7.01613e-08
78428.2  7.40026e-08
86034.6  7.79869e-08
94378.8  8.21246e-08
103532  8.65014e-08
113573  9.10579e-08
124588  9.57245e-08
136672  1.00509e-07
149927  1.05411e-07
164468  1.10515e-07
180419  1.15804e-07
197917  1.21277e-07
217112  1.26942e-07
238169  1.32787e-07
261268  1.38829e-07
286607  1.45061e-07
314404  1.51496e-07
344896  1.58134e-07
378346  1.64977e-07
415040  1.72037e-07
455294  1.79348e-07
499451  1.86901e-07
547890  1.94686e-07
601028  2.02695e-07
659319  2.10948e-07
723263  2.19428e-07
793410  2.28204e-07
870359  2.37289e-07
954772  2.4663e-07
1.04737e+06  2.56252e-07
1.14895e+06  2.66124e-07
1.26038e+06  2.76309e-07
1.38262e+06  2.86869e-07
1.51672e+06  2.97736e-07
1.66382e+06  3.08917e-07
1.82518e+06  3.20374e-07
2.0022e+06  3.32193e-07
2.19639e+06  3.4444e-07
2.4094e+06  3.57019e-07
2.64308e+06  3.69945e-07
2.89942e+06  3.83204e-07
3.18063e+06  3.96928e-07
3.4891e+06  4.1112e-07
3.82749e+06  4.25653e-07
4.19871e+06  4.40565e-07
4.60592e+06  4.55924e-07
5.05263e+06  4.71849e-07
5.54266e+06  4.88192e-07
6.08022e+06  5.04914e-07
6.66992e+06  5.22106e-07
7.31681e+06  5.39949e-07
8.02643e+06  5.58239e-07
8.80488e+06  5.76991e-07
9.65883e+06  5.96233e-07
1.05956e+07  6.162e-07
1.16232e+07  6.36709e-07
1.27505e+07  6.57683e-07
1.39871e+07  6.79305e-07
1.53437e+07  7.01532e-07
1.68318e+07  7.24474e-07
1.84642e+07  7.48071e-07
2.0255e+07  7.72237e-07
2.22195e+07  7.97116e-07
2.43744e+07  8.22645e-07
2.67384e+07  8.49062e-07
2.93317e+07  8.76218e-07
3.21764e+07  9.04004e-07
3.52971e+07  9.32567e-07
3.87204e+07  9.61956e-07
4.24757e+07  9.92273e-07
4.65953e+07  1.02339e-06
5.11143e+07  1.05522e-06
5.60717e+07  1.08794e-06
6.15099e+07  1.1217e-06
6.74754e+07  1.15639e-06
7.40196e+07  1.19201e-06
8.11984e+07  1.22839e-06
8.90735e+07  1.26587e-06
9.77124e+07  1.30463e-06
1.07189e+08  1.34424e-06
1.17585e+08  1.38491e-06
1.28989e+08  1.42647e-06
1.41499e+08  1.46946e-06
1.55223e+08  1.51363e-06
1.70277e+08  1.55871e-06
1.86791e+08  1.60503e-06
2.04907e+08  1.65262e-06
2.24781e+08  1.70161e-06
2.46581e+08  1.75192e-06
2.70496e+08  1.80318e-06
2.9673e+08  1.856e-06
3.25509e+08  1.91053e-06
3.57079e+08  1.96613e-06
3.9171e+08  2.02324e-06
4.297e+08  2.08159e-06
4.71375e+08  2.14186e-06
5.17092e+08  2.20372e-06
5.67243e+08  2.26673e-06
6.22257e+08  2.33138e-06
6.82607e+08  2.39826e-06
7.4881e+08  2.46653e-06
8.21434e+08  2.53656e-06
9.01102e+08  2.60801e-06
9.88496e+08  2.6818e-06
1.08437e+09  2.7576e-06
1.18953e+09  2.83475e-06
1.3049e+09  2.91378e-06
1.43146e+09  2.99549e-06
1.57029e+09  3.07888e-06
1.72259e+09  3.16427e-06
1.88965e+09  3.25142e-06
2.07292e+09  3.34151e-06
2.27397e+09  3.43379e-06
2.49451e+09  3.52791e-06
2.73644e+09  3.62416e-06
3.00184e+09  3.72375e-06
3.29297e+09  3.82562e-06
3.61234e+09  3.92944e-06
3.96269e+09  4.02855e-06
4.34701e+09  4.12032e-06
4.76861e+09  4.20414e-06
5.2311e+09  4.28033e-06
5.73844e+09  4.34883e-06
6.29499e+09  4.40964e-06
6.90551e+09  4.46345e-06
7.57525e+09  4.51047e-06
8.30994e+09  4.5514e-06
9.11589e+09  4.58899e-06
1e+10  4.6208e-06
