100  7.32178e-12
109.699  8.42135e-12
120.338  9.66112e-12
132.009  1.10574e-11
144.812  1.26323e-11
158.857  1.44003e-11
174.263  1.6386e-11
191.164  1.86142e-11
209.705  2.11113e-11
230.043  2.39119e-11
252.354  2.70459e-11
276.829  3.05489e-11
303.677  3.44624e-11
333.129  3.88282e-11
365.438  4.36953e-11
400.881  4.91181e-11
439.76  5.51471e-11
482.411  6.18854e-11
529.198  6.94503e-11
580.523  7.79009e-11
636.825  8.73094e-11
698.588  9.77669e-11
766.341  1.09382e-10
840.665  1.22271e-10
922.198  1.36611e-10
1011.64  1.52508e-10
1109.75  1.70147e-10
1217.38  1.89697e-10
1335.45  2.1137e-10
1464.97  2.35398e-10
1607.05  2.62024e-10
1762.91  2.91478e-10
1933.89  3.24085e-10
2121.45  3.60157e-10
2327.2  4.00006e-10
2552.91  4.4398e-10
2800.5  4.92518e-10
3072.11  5.46045e-10
3370.06  6.05192e-10
3696.91  6.70273e-10
4055.46  7.42015e-10
4448.78  8.20927e-10
4880.25  9.07842e-10
5353.57  1.00355e-09
5872.79  1.10851e-09
6442.36  1.22402e-09
7067.18  1.3508e-09
7752.6  1.4896e-09
8504.49  1.6416e-09
9329.3  1.80775e-09
10234.1  1.98972e-09
11226.7  2.18903e-09
12315.5  2.40684e-09
13509.9  2.64438e-09
14820.2  2.90333e-09
16257.6  3.18507e-09
17834.3  3.49168e-09
19564  3.82514e-09
21461.4  4.18706e-09
23542.9  4.57903e-09
25826.2  5.00478e-09
28331  5.46563e-09
31078.7  5.96398e-09
34092.9  6.50129e-09
37399.4  7.08084e-09
41026.6  7.70487e-09
45005.6  8.37678e-09
49370.5  9.10049e-09
54158.7  9.87622e-09
59411.3  1.06908e-08
65173.4  1.14834e-08
71494.3  1.22542e-08
78428.2  1.29796e-08
86034.6  1.36591e-08
94378.8  1.46557e-08
103532  1.57693e-08
113573  1.69466e-08
124588  1.81952e-08
136672  1.95175e-08
149927  2.0916e-08
164468  2.23899e-08
180419  2.39428e-08
197917  2.55847e-08
217112  2.73091e-08
238169  2.91242e-08
261268  3.10263e-08
286607  3.30278e-08
314404  3.51557e-08
344896  3.73898e-08
378346  3.97276e-08
415040  4.21535e-08
455294  4.46711e-08
499451  4.72957e-08
547890  5.00453e-08
601028  5.29145e-08
659319  5.59076e-08
723263  5.90272e-08
793410  6.22775e-08
870359  6.56598e-08
954772  6.91801e-08
1.04737e+06  7.28417e-08
1.14895e+06  7.66467e-08
1.26038e+06  8.06026e-08
1.38262e+06  8.47107e-08
1.51672e+06  8.89796e-08
1.66382e+06  9.3403e-08
1.82518e+06  9.80011e-08
2.0022e+06  1.02768e-07
2.19639e+06  1.07702e-07
2.4094e+06  1.1283e-07
2.64308e+06  1.18137e-07
2.89942e+06  1.23633e-07
3.18063e+06  1.29327e-07
3.4891e+06  1.35221e-07
3.82749e+06  1.41328e-07
4.19871e+06  1.47639e-07
4.60592e+06  1.54172e-07
5.05263e+06  1.60935e-07
5.54266e+06  1.67937e-07
6.08022e+06  1.75159e-07
6.66992e+06  1.82638e-07
7.31681e+06  1.9037e-07
8.02643e+06  1.98371e-07
8.80488e+06  2.06621e-07
9.65883e+06  2.15151e-07
1.05956e+07  2.23964e-07
1.16232e+07  2.33055e-07
1.27505e+07  2.42454e-07
1.39871e+07  2.52157e-07
1.53437e+07  2.62175e-07
1.68318e+07  2.72512e-07
1.84642e+07  2.8318e-07
2.0255e+07  2.94204e-07
2.22195e+07  3.0557e-07
2.43744e+07  3.17281e-07
2.67384e+07  3.29379e-07
2.93317e+07  3.41861e-07
3.21764e+07  3.54714e-07
3.52971e+07  3.67975e-07
3.87204e+07  3.81637e-07
4.24757e+07  3.9573e-07
4.65953e+07  4.10253e-07
5.11143e+07  4.25234e-07
5.60717e+07  4.40657e-07
6.15099e+07  4.56538e-07
6.74754e+07  4.72921e-07
7.40196e+07  4.89807e-07
8.11984e+07  5.07182e-07
8.90735e+07  5.25072e-07
9.77124e+07  5.43502e-07
1.07189e+08  5.62489e-07
1.17585e+08  5.82022e-07
1.28989e+08  6.02112e-07
1.41499e+08  6.22813e-07
1.55223e+08  6.44113e-07
1.70277e+08  6.66051e-07
1.86791e+08  6.8863e-07
2.04907e+08  7.11873e-07
2.24781e+08  7.35776e-07
2.46581e+08  7.60347e-07
2.70496e+08  7.85607e-07
2.9673e+08  8.11596e-07
3.25509e+08  8.38352e-07
3.57079e+08  8.65864e-07
3.9171e+08  8.9413e-07
4.297e+08  9.23201e-07
4.71375e+08  9.53102e-07
5.17092e+08  9.8386e-07
5.67243e+08  1.01547e-06
6.22257e+08  1.04795e-06
6.82607e+08  1.08131e-06
7.4881e+08  1.11557e-06
8.21434e+08  1.15081e-06
9.01102e+08  1.18701e-06
9.88496e+08  1.22422e-06
1.08437e+09  1.26242e-06
1.18953e+09  1.30171e-06
1.3049e+09  1.34206e-06
1.43146e+09  1.3835e-06
1.57029e+09  1.42603e-06
1.72259e+09  1.4697e-06
1.88965e+09  1.51456e-06
2.07292e+09  1.5606e-06
2.27397e+09  1.60789e-06
2.49451e+09  1.65645e-06
2.73644e+09  1.70628e-06
3.00184e+09  1.75741e-06
3.29297e+09  1.80991e-06
3.61234e+09  1.86382e-06
3.96269e+09  1.91917e-06
4.34701e+09  1.97597e-06
4.76861e+09  2.03424e-06
5.2311e+09  2.09397e-06
5.73844e+09  2.15526e-06
6.29499e+09  2.21811e-06
6.90551e+09  2.28257e-06
7.57525e+09  2.34877e-06
8.30994e+09  2.41669e-06
9.11589e+09  2.48634e-06
1e+10  2.55772e-06
