100  6.64987e-11
109.699  7.27062e-11
120.338  7.9497e-11
132.009  8.69275e-11
144.812  9.50689e-11
158.857  1.03964e-10
174.263  1.13708e-10
191.164  1.24356e-10
209.705  1.3602e-10
230.043  1.4878e-10
252.354  1.62743e-10
276.829  1.7804e-10
303.677  1.94903e-10
333.129  2.13367e-10
365.438  2.33559e-10
400.881  2.55661e-10
439.76  2.79876e-10
482.411  3.06338e-10
529.198  3.3532e-10
580.523  3.66985e-10
636.825  4.01656e-10
698.588  4.39585e-10
766.341  4.81037e-10
840.665  5.26381e-10
922.198  5.75896e-10
1011.64  6.30069e-10
1109.75  6.89301e-10
1217.38  7.54045e-10
1335.45  8.24756e-10
1464.97  9.02011e-10
1607.05  9.86418e-10
1762.91  1.07843e-09
1933.89  1.17884e-09
2121.45  1.28825e-09
2327.2  1.40736e-09
2552.91  1.53713e-09
2800.5  1.67848e-09
3072.11  1.83221e-09
3370.06  1.99937e-09
3696.91  2.18119e-09
4055.46  2.37884e-09
4448.78  2.59333e-09
4880.25  2.82602e-09
5353.57  3.07851e-09
5872.79  3.35209e-09
6442.36  3.64824e-09
7067.18  3.96831e-09
7752.6  4.31443e-09
8504.49  4.68861e-09
9329.3  5.09286e-09
10234.1  5.52892e-09
11226.7  5.99806e-09
12315.5  6.50192e-09
13509.9  7.04433e-09
14820.2  7.62738e-09
16257.6  8.25444e-09
17834.3  8.92506e-09
19564  9.64365e-09
21461.4  1.04109e-08
23542.9  1.12312e-08
25826.2  1.21081e-08
28331  1.30437e-08
31078.7  1.40389e-08
34092.9  1.50969e-08
37399.4  1.62209e-08
41026.6  1.74143e-08
45005.6  1.86831e-08
49370.5  2.00253e-08
54158.7  2.14396e-08
59411.3  2.29415e-08
65173.4  2.4524e-08
71494.3  2.61145e-08
78428.2  2.76493e-08
86034.6  2.9091e-08
94378.8  3.04373e-08
103532  3.16914e-08
113573  3.33785e-08
124588  3.53943e-08
136672  3.74984e-08
149927  3.97041e-08
164468  4.19938e-08
180419  4.43841e-08
197917  4.68757e-08
217112  4.94676e-08
238169  5.21585e-08
261268  5.49571e-08
286607  5.78668e-08
314404  6.0881e-08
344896  6.401e-08
378346  6.72565e-08
415040  7.06153e-08
455294  7.40926e-08
499451  7.76995e-08
547890  8.1503e-08
601028  8.54136e-08
659319  8.94294e-08
723263  9.35416e-08
793410  9.77869e-08
870359  1.02186e-07
954772  1.06737e-07
1.04737e+06  1.11434e-07
1.14895e+06  1.16285e-07
1.26038e+06  1.21294e-07
1.38262e+06  1.26461e-07
1.51672e+06  1.31797e-07
1.66382e+06  1.37294e-07
1.82518e+06  1.42969e-07
2.0022e+06  1.48831e-07
2.19639e+06  1.54861e-07
2.4094e+06  1.61086e-07
2.64308e+06  1.67504e-07
2.89942e+06  1.74124e-07
3.18063e+06  1.8094e-07
3.4891e+06  1.87972e-07
3.82749e+06  1.95219e-07
4.19871e+06  2.02679e-07
4.60592e+06  2.10379e-07
5.05263e+06  2.18306e-07
5.54266e+06  2.26478e-07
6.08022e+06  2.34893e-07
6.66992e+06  2.43563e-07
7.31681e+06  2.5251e-07
8.02643e+06  2.61719e-07
8.80488e+06  2.71196e-07
9.65883e+06  2.80974e-07
1.05956e+07  2.9105e-07
1.16232e+07  3.01404e-07
1.27505e+07  3.12081e-07
1.39871e+07  3.23071e-07
1.53437e+07  3.34379e-07
1.68318e+07  3.4604e-07
1.84642e+07  3.58055e-07
2.0255e+07  3.70414e-07
2.22195e+07  3.83127e-07
2.43744e+07  3.96225e-07
2.67384e+07  4.09713e-07
2.93317e+07  4.23598e-07
3.21764e+07  4.37881e-07
3.52971e+07  4.52596e-07
3.87204e+07  4.67727e-07
4.24757e+07  4.83282e-07
4.65953e+07  4.99287e-07
5.11143e+07  5.15765e-07
5.60717e+07  5.32733e-07
6.15099e+07  5.50182e-07
6.74754e+07  5.6812e-07
7.40196e+07  5.86595e-07
8.11984e+07  6.0559e-07
8.90735e+07  6.25121e-07
9.77124e+07  6.45204e-07
1.07189e+08  6.65843e-07
1.17585e+08  6.87069e-07
1.28989e+08  7.08906e-07
1.41499e+08  7.31344e-07
1.55223e+08  7.54396e-07
1.70277e+08  7.78123e-07
1.86791e+08  8.02526e-07
2.04907e+08  8.27613e-07
2.24781e+08  8.5337e-07
2.46581e+08  8.79834e-07
2.70496e+08  9.07012e-07
2.9673e+08  9.34944e-07
3.25509e+08  9.6366e-07
3.57079e+08  9.93147e-07
3.9171e+08  1.02345e-06
4.297e+08  1.05458e-06
4.71375e+08  1.08659e-06
5.17092e+08  1.11945e-06
5.67243e+08  1.15319e-06
6.22257e+08  1.18784e-06
6.82607e+08  1.22339e-06
7.4881e+08  1.25989e-06
8.21434e+08  1.29737e-06
9.01102e+08  1.3359e-06
9.88496e+08  1.37544e-06
1.08437e+09  1.416e-06
1.18953e+09  1.45764e-06
1.3049e+09  1.50042e-06
1.43146e+09  1.54433e-06
1.57029e+09  1.58939e-06
1.72259e+09  1.63561e-06
1.88965e+09  1.68304e-06
2.07292e+09  1.7317e-06
2.27397e+09  1.78163e-06
2.49451e+09  1.83282e-06
2.73644e+09  1.8854e-06
3.00184e+09  1.93933e-06
3.29297e+09  1.99462e-06
3.61234e+09  2.05133e-06
3.96269e+09  2.10951e-06
4.34701e+09  2.16923e-06
4.76861e+09  2.23047e-06
5.2311e+09  2.29328e-06
5.73844e+09  2.35768e-06
6.29499e+09  2.42369e-06
6.90551e+09  2.49135e-06
7.57525e+09  2.56069e-06
8.30994e+09  2.63175e-06
9.11589e+09  2.70463e-06
1e+10  2.77937e-06
