100  8.16795e-11
109.699  8.91447e-11
120.338  9.72894e-11
132.009  1.06198e-10
144.812  1.15922e-10
158.857  1.26556e-10
174.263  1.3816e-10
191.164  1.50835e-10
209.705  1.64685e-10
230.043  1.79843e-10
252.354  1.96437e-10
276.829  2.14559e-10
303.677  2.34372e-10
333.129  2.55999e-10
365.438  2.79642e-10
400.881  3.05432e-10
439.76  3.33627e-10
482.411  3.64408e-10
529.198  3.98017e-10
580.523  4.34692e-10
636.825  4.74732e-10
698.588  5.18397e-10
766.341  5.66061e-10
840.665  6.18085e-10
922.198  6.74772e-10
1011.64  7.36649e-10
1109.75  8.04024e-10
1217.38  8.77486e-10
1335.45  9.57557e-10
1464.97  1.04466e-09
1607.05  1.13955e-09
1762.91  1.24272e-09
1933.89  1.35496e-09
2121.45  1.47715e-09
2327.2  1.60988e-09
2552.91  1.75399e-09
2800.5  1.91052e-09
3072.11  2.08043e-09
3370.06  2.26451e-09
3696.91  2.46397e-09
4055.46  2.68048e-09
4448.78  2.91521e-09
4880.25  3.16934e-09
5353.57  3.44422e-09
5872.79  3.74092e-09
6442.36  4.06027e-09
7067.18  4.4045e-09
7752.6  4.77535e-09
8504.49  5.17509e-09
9329.3  5.60507e-09
10234.1  6.06662e-09
11226.7  6.56212e-09
12315.5  7.09397e-09
13509.9  7.66345e-09
14820.2  8.27341e-09
16257.6  8.92627e-09
17834.3  9.62514e-09
19564  1.03693e-08
21461.4  1.11612e-08
23542.9  1.20079e-08
25826.2  1.29114e-08
28331  1.3869e-08
31078.7  1.48844e-08
34092.9  1.59654e-08
37399.4  1.71116e-08
41026.6  1.83258e-08
45005.6  1.96097e-08
49370.5  2.09633e-08
54158.7  2.23993e-08
59411.3  2.39143e-08
65173.4  2.55029e-08
71494.3  2.71528e-08
78428.2  2.87625e-08
86034.6  3.02708e-08
94378.8  3.16755e-08
103532  3.29771e-08
113573  3.47598e-08
124588  3.67936e-08
136672  3.89129e-08
149927  4.11197e-08
164468  4.34233e-08
180419  4.582e-08
197917  4.83071e-08
217112  5.09023e-08
238169  5.35952e-08
261268  5.63888e-08
286607  5.92911e-08
314404  6.23032e-08
344896  6.542e-08
378346  6.86539e-08
415040  7.20086e-08
455294  7.54702e-08
499451  7.90588e-08
547890  8.2803e-08
601028  8.67186e-08
659319  9.07394e-08
723263  9.48494e-08
793410  9.90656e-08
870359  1.03442e-07
954772  1.07966e-07
1.04737e+06  1.12642e-07
1.14895e+06  1.17468e-07
1.26038e+06  1.22452e-07
1.38262e+06  1.276e-07
1.51672e+06  1.32903e-07
1.66382e+06  1.3838e-07
1.82518e+06  1.44037e-07
2.0022e+06  1.49864e-07
2.19639e+06  1.55875e-07
2.4094e+06  1.62078e-07
2.64308e+06  1.68473e-07
2.89942e+06  1.75063e-07
3.18063e+06  1.81859e-07
3.4891e+06  1.8887e-07
3.82749e+06  1.96086e-07
4.19871e+06  2.03533e-07
4.60592e+06  2.11211e-07
5.05263e+06  2.19112e-07
5.54266e+06  2.27265e-07
6.08022e+06  2.35661e-07
6.66992e+06  2.44317e-07
7.31681e+06  2.53243e-07
8.02643e+06  2.62428e-07
8.80488e+06  2.71891e-07
9.65883e+06  2.81657e-07
1.05956e+07  2.91713e-07
1.16232e+07  3.02051e-07
1.27505e+07  3.12717e-07
1.39871e+07  3.23687e-07
1.53437e+07  3.34991e-07
1.68318e+07  3.4664e-07
1.84642e+07  3.58641e-07
2.0255e+07  3.70986e-07
2.22195e+07  3.83688e-07
2.43744e+07  3.96779e-07
2.67384e+07  4.1026e-07
2.93317e+07  4.24137e-07
3.21764e+07  4.38409e-07
3.52971e+07  4.53117e-07
3.87204e+07  4.68242e-07
4.24757e+07  4.83791e-07
4.65953e+07  4.99794e-07
5.11143e+07  5.16268e-07
5.60717e+07  5.33232e-07
6.15099e+07  5.50678e-07
6.74754e+07  5.68614e-07
7.40196e+07  5.87078e-07
8.11984e+07  6.06074e-07
8.90735e+07  6.25609e-07
9.77124e+07  6.45694e-07
1.07189e+08  6.66332e-07
1.17585e+08  6.87556e-07
1.28989e+08  7.09396e-07
1.41499e+08  7.31837e-07
1.55223e+08  7.54893e-07
1.70277e+08  7.78612e-07
1.86791e+08  8.03025e-07
2.04907e+08  8.28114e-07
2.24781e+08  8.5388e-07
2.46581e+08  8.80351e-07
2.70496e+08  9.07536e-07
2.9673e+08  9.35466e-07
3.25509e+08  9.64195e-07
3.57079e+08  9.93688e-07
3.9171e+08  1.024e-06
4.297e+08  1.05513e-06
4.71375e+08  1.08714e-06
5.17092e+08  1.12002e-06
5.67243e+08  1.15377e-06
6.22257e+08  1.18843e-06
6.82607e+08  1.22399e-06
7.4881e+08  1.26051e-06
8.21434e+08  1.29799e-06
9.01102e+08  1.33654e-06
9.88496e+08  1.37609e-06
1.08437e+09  1.41668e-06
1.18953e+09  1.45832e-06
1.3049e+09  1.50109e-06
1.43146e+09  1.54502e-06
1.57029e+09  1.5901e-06
1.72259e+09  1.63635e-06
1.88965e+09  1.68378e-06
2.07292e+09  1.73247e-06
2.27397e+09  1.78243e-06
2.49451e+09  1.83364e-06
2.73644e+09  1.88622e-06
3.00184e+09  1.94016e-06
3.29297e+09  1.99549e-06
3.61234e+09  2.05222e-06
3.96269e+09  2.11038e-06
4.34701e+09  2.17012e-06
4.76861e+09  2.23139e-06
5.2311e+09  2.29423e-06
5.73844e+09  2.35866e-06
6.29499e+09  2.4247e-06
6.90551e+09  2.49239e-06
7.57525e+09  2.56176e-06
8.30994e+09  2.63285e-06
9.11589e+09  2.70574e-06
1e+10  2.78051e-06
