100  1.59244e-12
109.699  1.81614e-12
120.338  2.06823e-12
132.009  2.35071e-12
144.812  2.66836e-12
158.857  3.02403e-12
174.263  3.42304e-12
191.164  3.86894e-12
209.705  4.3683e-12
230.043  4.92619e-12
252.354  5.54886e-12
276.829  6.24358e-12
303.677  7.01763e-12
333.129  7.87867e-12
365.438  8.83883e-12
400.881  9.91087e-12
439.76  1.11042e-11
482.411  1.24304e-11
529.198  1.39069e-11
580.523  1.55458e-11
636.825  1.73655e-11
698.588  1.93814e-11
766.341  2.16184e-11
840.665  2.40974e-11
922.198  2.68446e-11
1011.64  2.98893e-11
1109.75  3.32562e-11
1217.38  3.69873e-11
1335.45  4.11166e-11
1464.97  4.56799e-11
1607.05  5.07301e-11
1762.91  5.62978e-11
1933.89  6.24537e-11
2121.45  6.92396e-11
2327.2  7.67357e-11
2552.91  8.4995e-11
2800.5  9.41031e-11
3072.11  1.04118e-10
3370.06  1.1515e-10
3696.91  1.27273e-10
4055.46  1.40621e-10
4448.78  1.55297e-10
4880.25  1.71409e-10
5353.57  1.89121e-10
5872.79  2.08536e-10
6442.36  2.29836e-10
7067.18  2.53166e-10
7752.6  2.78713e-10
8504.49  3.06604e-10
9329.3  3.37087e-10
10234.1  3.70379e-10
11226.7  4.0673e-10
12315.5  4.46387e-10
13509.9  4.89597e-10
14820.2  5.36622e-10
16257.6  5.87783e-10
17834.3  6.4329e-10
19564  7.03456e-10
21461.4  7.68739e-10
23542.9  8.39381e-10
25826.2  9.15745e-10
28331  9.98343e-10
31078.7  1.08751e-09
34092.9  1.18352e-09
37399.4  1.28703e-09
41026.6  1.39811e-09
45005.6  1.5173e-09
49370.5  1.64535e-09
54158.7  1.78272e-09
59411.3  1.9298e-09
65173.4  2.08647e-09
71494.3  2.25383e-09
78428.2  2.43243e-09
86034.6  2.62274e-09
94378.8  2.82518e-09
103532  3.04008e-09
113573  3.26819e-09
124588  3.50963e-09
136672  3.76628e-09
149927  4.03708e-09
164468  4.32306e-09
180419  4.62482e-09
197917  4.94396e-09
217112  5.27914e-09
238169  5.63238e-09
261268  6.00309e-09
286607  6.39319e-09
314404  6.80865e-09
344896  7.24521e-09
378346  7.70171e-09
415040  8.17623e-09
455294  8.66942e-09
499451  9.18301e-09
547890  9.72176e-09
601028  1.02849e-08
659319  1.08721e-08
723263  1.14852e-08
793410  1.21238e-08
870359  1.27896e-08
954772  1.34824e-08
1.04737e+06  1.42038e-08
1.14895e+06  1.49535e-08
1.26038e+06  1.57346e-08
1.38262e+06  1.65459e-08
1.51672e+06  1.73876e-08
1.66382e+06  1.82636e-08
1.82518e+06  1.91719e-08
2.0022e+06  2.01152e-08
2.19639e+06  2.10933e-08
2.4094e+06  2.21087e-08
2.64308e+06  2.31604e-08
2.89942e+06  2.42501e-08
3.18063e+06  2.53816e-08
3.4891e+06  2.65516e-08
3.82749e+06  2.77629e-08
4.19871e+06  2.90192e-08
4.60592e+06  3.03198e-08
5.05263e+06  3.16632e-08
5.54266e+06  3.3057e-08
6.08022e+06  3.44973e-08
6.66992e+06  3.59873e-08
7.31681e+06  3.75283e-08
8.02643e+06  3.91234e-08
8.80488e+06  4.07696e-08
9.65883e+06  4.24742e-08
1.05956e+07  4.42344e-08
1.16232e+07  4.6051e-08
1.27505e+07  4.79296e-08
1.39871e+07  4.98701e-08
1.53437e+07  5.18752e-08
1.68318e+07  5.39438e-08
1.84642e+07  5.60807e-08
2.0255e+07  5.82898e-08
2.22195e+07  6.05677e-08
2.43744e+07  6.2915e-08
2.67384e+07  6.53431e-08
2.93317e+07  6.78475e-08
3.21764e+07  7.04288e-08
3.52971e+07  7.30926e-08
3.87204e+07  7.58395e-08
4.24757e+07  7.86712e-08
4.65953e+07  8.15901e-08
5.11143e+07  8.46022e-08
5.60717e+07  8.77047e-08
6.15099e+07  9.09078e-08
6.74754e+07  9.42086e-08
7.40196e+07  9.7609e-08
8.11984e+07  1.0111e-07
8.90735e+07  1.04714e-07
9.77124e+07  1.08434e-07
1.07189e+08  1.12263e-07
1.17585e+08  1.16204e-07
1.28989e+08  1.20268e-07
1.41499e+08  1.2445e-07
1.55223e+08  1.28757e-07
1.70277e+08  1.33189e-07
1.86791e+08  1.37751e-07
2.04907e+08  1.42448e-07
2.24781e+08  1.47282e-07
2.46581e+08  1.52257e-07
2.70496e+08  1.57381e-07
2.9673e+08  1.62653e-07
3.25509e+08  1.68075e-07
3.57079e+08  1.73649e-07
3.9171e+08  1.79378e-07
4.297e+08  1.85271e-07
4.71375e+08  1.91336e-07
5.17092e+08  1.97577e-07
5.67243e+08  2.03993e-07
6.22257e+08  2.10586e-07
6.82607e+08  2.17371e-07
7.4881e+08  2.24346e-07
8.21434e+08  2.31519e-07
9.01102e+08  2.38888e-07
9.88496e+08  2.46451e-07
1.08437e+09  2.54219e-07
1.18953e+09  2.62202e-07
1.3049e+09  2.70411e-07
1.43146e+09  2.78852e-07
1.57029e+09  2.87521e-07
1.72259e+09  2.96426e-07
1.88965e+09  3.05584e-07
2.07292e+09  3.14987e-07
2.27397e+09  3.24638e-07
2.49451e+09  3.34546e-07
2.73644e+09  3.44717e-07
3.00184e+09  3.55165e-07
3.29297e+09  3.6588e-07
3.61234e+09  3.76881e-07
3.96269e+09  3.88186e-07
4.34701e+09  3.99792e-07
4.76861e+09  4.11699e-07
5.2311e+09  4.23913e-07
5.73844e+09  4.3647e-07
6.29499e+09  4.49362e-07
6.90551e+09  4.62591e-07
7.57525e+09  4.7615e-07
8.30994e+09  4.9006e-07
9.11589e+09  5.04326e-07
1e+10  5.18948e-07
