100  2.64922e-11
109.699  2.89523e-11
120.338  3.16464e-11
132.009  3.45963e-11
144.812  3.78223e-11
158.857  4.13406e-11
174.263  4.51771e-11
191.164  4.93644e-11
209.705  5.39671e-11
230.043  5.89869e-11
252.354  6.44564e-11
276.829  7.04147e-11
303.677  7.69326e-11
333.129  8.40651e-11
365.438  9.18308e-11
400.881  1.00279e-10
439.76  1.09466e-10
482.411  1.19529e-10
529.198  1.30488e-10
580.523  1.42388e-10
636.825  1.55318e-10
698.588  1.69472e-10
766.341  1.84824e-10
840.665  2.0145e-10
922.198  2.19499e-10
1011.64  2.39183e-10
1109.75  2.60456e-10
1217.38  2.83449e-10
1335.45  3.08522e-10
1464.97  3.35545e-10
1607.05  3.64653e-10
1762.91  3.96308e-10
1933.89  4.30738e-10
2121.45  4.67808e-10
2327.2  5.07586e-10
2552.91  5.50413e-10
2800.5  5.96465e-10
3072.11  6.45644e-10
3370.06  6.98612e-10
3696.91  7.55225e-10
4055.46  8.16109e-10
4448.78  8.80928e-10
4880.25  9.50364e-10
5353.57  1.02413e-09
5872.79  1.10349e-09
6442.36  1.1875e-09
7067.18  1.277e-09
7752.6  1.37171e-09
8504.49  1.47261e-09
9329.3  1.57986e-09
10234.1  1.69234e-09
11226.7  1.81163e-09
12315.5  1.93827e-09
13509.9  2.07164e-09
14820.2  2.21088e-09
16257.6  2.35822e-09
17834.3  2.51425e-09
19564  2.57264e-09
21461.4  2.6025e-09
23542.9  2.66541e-09
25826.2  2.82065e-09
28331  2.98243e-09
31078.7  3.15131e-09
34092.9  3.32708e-09
37399.4  3.50907e-09
41026.6  3.69791e-09
45005.6  3.894e-09
49370.5  4.09647e-09
54158.7  4.30681e-09
59411.3  4.52406e-09
65173.4  4.74867e-09
71494.3  4.98154e-09
78428.2  5.22108e-09
86034.6  5.46951e-09
94378.8  5.7254e-09
103532  5.98944e-09
113573  6.2618e-09
124588  6.54883e-09
136672  6.84499e-09
149927  7.14571e-09
164468  7.45051e-09
180419  7.76591e-09
197917  8.09119e-09
217112  8.42737e-09
238169  8.77475e-09
261268  9.13221e-09
286607  9.49984e-09
314404  9.87793e-09
344896  1.02663e-08
378346  1.0666e-08
415040  1.10793e-08
455294  1.15053e-08
499451  1.19436e-08
547890  1.2393e-08
601028  1.2855e-08
659319  1.33299e-08
723263  1.3822e-08
793410  1.43284e-08
870359  1.4847e-08
954772  1.53797e-08
1.04737e+06  1.59279e-08
1.14895e+06  1.64963e-08
1.26038e+06  1.70802e-08
1.38262e+06  1.76781e-08
1.51672e+06  1.82916e-08
1.66382e+06  1.89279e-08
1.82518e+06  1.95826e-08
2.0022e+06  2.02538e-08
2.19639e+06  2.0941e-08
2.4094e+06  2.16496e-08
2.64308e+06  2.23838e-08
2.89942e+06  2.31358e-08
3.18063e+06  2.3906e-08
3.4891e+06  2.46983e-08
3.82749e+06  2.55202e-08
4.19871e+06  2.63625e-08
4.60592e+06  2.72242e-08
5.05263e+06  2.81098e-08
5.54266e+06  2.90288e-08
6.08022e+06  2.99698e-08
6.66992e+06  3.09324e-08
7.31681e+06  3.19213e-08
8.02643e+06  3.2947e-08
8.80488e+06  3.39979e-08
9.65883e+06  3.50792e-08
1.05956e+07  3.61867e-08
1.16232e+07  3.73249e-08
1.27505e+07  3.85056e-08
1.39871e+07  3.97132e-08
1.53437e+07  4.09564e-08
1.68318e+07  4.22267e-08
1.84642e+07  4.35349e-08
2.0255e+07  4.48898e-08
2.22195e+07  4.62741e-08
2.43744e+07  4.76996e-08
2.67384e+07  4.9155e-08
2.93317e+07  5.06592e-08
3.21764e+07  5.22122e-08
3.52971e+07  5.37968e-08
3.87204e+07  5.54281e-08
4.24757e+07  5.70953e-08
4.65953e+07  5.88207e-08
5.11143e+07  6.05946e-08
5.60717e+07  6.2404e-08
6.15099e+07  6.42651e-08
6.74754e+07  6.61797e-08
7.40196e+07  6.81472e-08
8.11984e+07  7.01706e-08
8.90735e+07  7.22346e-08
9.77124e+07  7.43584e-08
1.07189e+08  7.65542e-08
1.17585e+08  7.87951e-08
1.28989e+08  8.10973e-08
1.41499e+08  8.34487e-08
1.55223e+08  8.58774e-08
1.70277e+08  8.83757e-08
1.86791e+08  9.09213e-08
2.04907e+08  9.35321e-08
2.24781e+08  9.62283e-08
2.46581e+08  9.89901e-08
2.70496e+08  1.01823e-07
2.9673e+08  1.04714e-07
3.25509e+08  1.07694e-07
3.57079e+08  1.10765e-07
3.9171e+08  1.13895e-07
4.297e+08  1.17098e-07
4.71375e+08  1.20398e-07
5.17092e+08  1.23786e-07
5.67243e+08  1.27253e-07
6.22257e+08  1.30793e-07
6.82607e+08  1.34438e-07
7.4881e+08  1.38191e-07
8.21434e+08  1.42023e-07
9.01102e+08  1.45934e-07
9.88496e+08  1.49967e-07
1.08437e+09  1.54111e-07
1.18953e+09  1.58338e-07
1.3049e+09  1.62662e-07
1.43146e+09  1.67111e-07
1.57029e+09  1.71678e-07
1.72259e+09  1.76346e-07
1.88965e+09  1.81104e-07
2.07292e+09  1.86017e-07
2.27397e+09  1.91058e-07
2.49451e+09  1.96189e-07
2.73644e+09  2.01448e-07
3.00184e+09  2.06875e-07
3.29297e+09  2.12422e-07
3.61234e+09  2.18103e-07
3.96269e+09  2.23529e-07
4.34701e+09  2.28536e-07
4.76861e+09  2.33116e-07
5.2311e+09  2.37268e-07
5.73844e+09  2.40989e-07
6.29499e+09  2.44306e-07
6.90551e+09  2.47224e-07
7.57525e+09  2.49791e-07
8.30994e+09  2.51997e-07
9.11589e+09  2.54037e-07
1e+10  2.55762e-07
