100  4.35803e-12
109.699  4.75631e-12
120.338  5.1909e-12
132.009  5.6662e-12
144.812  6.18501e-12
158.857  6.7524e-12
174.263  7.3715e-12
191.164  8.0478e-12
209.705  8.78679e-12
230.043  9.59549e-12
252.354  1.04809e-11
276.829  1.14478e-11
303.677  1.25049e-11
333.129  1.36589e-11
365.438  1.49203e-11
400.881  1.62963e-11
439.76  1.78007e-11
482.411  1.9443e-11
529.198  2.12363e-11
580.523  2.31931e-11
636.825  2.53293e-11
698.588  2.76591e-11
766.341  3.02022e-11
840.665  3.2978e-11
922.198  3.60026e-11
1011.64  3.93039e-11
1109.75  4.28986e-11
1217.38  4.68182e-11
1335.45  5.10904e-11
1464.97  5.57381e-11
1607.05  6.08008e-11
1762.91  6.63054e-11
1933.89  7.22942e-11
2121.45  7.88135e-11
2327.2  8.58953e-11
2552.91  9.35844e-11
2800.5  1.01937e-10
3072.11  1.11002e-10
3370.06  1.20823e-10
3696.91  1.31465e-10
4055.46  1.43017e-10
4448.78  1.55541e-10
4880.25  1.691e-10
5353.57  1.83767e-10
5872.79  1.99597e-10
6442.36  2.16637e-10
7067.18  2.35002e-10
7752.6  2.54789e-10
8504.49  2.76117e-10
9329.3  2.99059e-10
10234.1  3.23685e-10
11226.7  3.50123e-10
12315.5  3.785e-10
13509.9  4.08883e-10
14820.2  4.41428e-10
16257.6  4.76262e-10
17834.3  5.1355e-10
19564  5.53252e-10
21461.4  5.95505e-10
23542.9  6.40682e-10
25826.2  6.88891e-10
28331  7.39982e-10
31078.7  7.94159e-10
34092.9  8.51834e-10
37399.4  9.12989e-10
41026.6  9.77777e-10
45005.6  1.04627e-09
49370.5  1.1185e-09
54158.7  1.19512e-09
59411.3  1.27595e-09
65173.4  1.36071e-09
71494.3  1.44874e-09
78428.2  1.53462e-09
86034.6  1.6151e-09
94378.8  1.69005e-09
103532  1.75949e-09
113573  1.85462e-09
124588  1.96313e-09
136672  2.0762e-09
149927  2.19394e-09
164468  2.31686e-09
180419  2.44473e-09
197917  2.57743e-09
217112  2.7159e-09
238169  2.85958e-09
261268  3.00863e-09
286607  3.16348e-09
314404  3.32419e-09
344896  3.49049e-09
378346  3.66303e-09
415040  3.84202e-09
455294  4.02671e-09
499451  4.21819e-09
547890  4.41796e-09
601028  4.62688e-09
659319  4.84141e-09
723263  5.0607e-09
793410  5.28565e-09
870359  5.51912e-09
954772  5.76055e-09
1.04737e+06  6.01002e-09
1.14895e+06  6.2675e-09
1.26038e+06  6.53344e-09
1.38262e+06  6.8081e-09
1.51672e+06  7.09107e-09
1.66382e+06  7.38331e-09
1.82518e+06  7.68508e-09
2.0022e+06  7.996e-09
2.19639e+06  8.31672e-09
2.4094e+06  8.64768e-09
2.64308e+06  8.98884e-09
2.89942e+06  9.34052e-09
3.18063e+06  9.70309e-09
3.4891e+06  1.00772e-08
3.82749e+06  1.04622e-08
4.19871e+06  1.08595e-08
4.60592e+06  1.12692e-08
5.05263e+06  1.16907e-08
5.54266e+06  1.21258e-08
6.08022e+06  1.25737e-08
6.66992e+06  1.30355e-08
7.31681e+06  1.35118e-08
8.02643e+06  1.40019e-08
8.80488e+06  1.45068e-08
9.65883e+06  1.50278e-08
1.05956e+07  1.55644e-08
1.16232e+07  1.61159e-08
1.27505e+07  1.6685e-08
1.39871e+07  1.72704e-08
1.53437e+07  1.78735e-08
1.68318e+07  1.8495e-08
1.84642e+07  1.91353e-08
2.0255e+07  1.9794e-08
2.22195e+07  2.04717e-08
2.43744e+07  2.11701e-08
2.67384e+07  2.18895e-08
2.93317e+07  2.26299e-08
3.21764e+07  2.33913e-08
3.52971e+07  2.4176e-08
3.87204e+07  2.49831e-08
4.24757e+07  2.58127e-08
4.65953e+07  2.66666e-08
5.11143e+07  2.75454e-08
5.60717e+07  2.84506e-08
6.15099e+07  2.93814e-08
6.74754e+07  3.03384e-08
7.40196e+07  3.13236e-08
8.11984e+07  3.23371e-08
8.90735e+07  3.33793e-08
9.77124e+07  3.4451e-08
1.07189e+08  3.55522e-08
1.17585e+08  3.66846e-08
1.28989e+08  3.78499e-08
1.41499e+08  3.90472e-08
1.55223e+08  4.02774e-08
1.70277e+08  4.15428e-08
1.86791e+08  4.28455e-08
2.04907e+08  4.41841e-08
2.24781e+08  4.55588e-08
2.46581e+08  4.69712e-08
2.70496e+08  4.84217e-08
2.9673e+08  4.99118e-08
3.25509e+08  5.14446e-08
3.57079e+08  5.30183e-08
3.9171e+08  5.46358e-08
4.297e+08  5.62964e-08
4.71375e+08  5.80045e-08
5.17092e+08  5.97584e-08
5.67243e+08  6.15596e-08
6.22257e+08  6.34087e-08
6.82607e+08  6.53064e-08
7.4881e+08  6.72544e-08
8.21434e+08  6.92543e-08
9.01102e+08  7.1311e-08
9.88496e+08  7.34215e-08
1.08437e+09  7.55868e-08
1.18953e+09  7.7809e-08
1.3049e+09  8.00911e-08
1.43146e+09  8.24349e-08
1.57029e+09  8.484e-08
1.72259e+09  8.73074e-08
1.88965e+09  8.98385e-08
2.07292e+09  9.24363e-08
2.27397e+09  9.51011e-08
2.49451e+09  9.78338e-08
2.73644e+09  1.00639e-07
3.00184e+09  1.03518e-07
3.29297e+09  1.06469e-07
3.61234e+09  1.09496e-07
3.96269e+09  1.12599e-07
4.34701e+09  1.15787e-07
4.76861e+09  1.19056e-07
5.2311e+09  1.22409e-07
5.73844e+09  1.25846e-07
6.29499e+09  1.2937e-07
6.90551e+09  1.32982e-07
7.57525e+09  1.36683e-07
8.30994e+09  1.40476e-07
9.11589e+09  1.44364e-07
1e+10  1.48355e-07
