100  4.97145e-10
109.699  5.4331e-10
120.338  5.93867e-10
132.009  6.49224e-10
144.812  7.09762e-10
158.857  7.75787e-10
174.263  8.4778e-10
191.164  9.26359e-10
209.705  1.01273e-09
230.043  1.10693e-09
252.354  1.20957e-09
276.829  1.32138e-09
303.677  1.44369e-09
333.129  1.57754e-09
365.438  1.72327e-09
400.881  1.88181e-09
439.76  2.05421e-09
482.411  2.24304e-09
529.198  2.44869e-09
580.523  2.67202e-09
636.825  2.91465e-09
698.588  3.18026e-09
766.341  3.46834e-09
840.665  3.78035e-09
922.198  4.11906e-09
1011.64  4.48844e-09
1109.75  4.88764e-09
1217.38  5.31911e-09
1335.45  5.78963e-09
1464.97  6.29674e-09
1607.05  6.84298e-09
1762.91  7.437e-09
1933.89  8.08309e-09
2121.45  8.77875e-09
2327.2  9.5252e-09
2552.91  1.03289e-08
2800.5  1.11931e-08
3072.11  1.2116e-08
3370.06  1.311e-08
3696.91  1.41723e-08
4055.46  1.53149e-08
4448.78  1.65312e-08
4880.25  1.78342e-08
5353.57  1.92185e-08
5872.79  2.07077e-08
6442.36  2.22843e-08
7067.18  2.39637e-08
7752.6  2.5741e-08
8504.49  2.76345e-08
9329.3  2.96472e-08
10234.1  3.17579e-08
11226.7  3.39965e-08
12315.5  3.6373e-08
13509.9  3.88758e-08
14820.2  4.14887e-08
16257.6  4.42536e-08
17834.3  4.71816e-08
19564  4.82775e-08
21461.4  4.88378e-08
23542.9  5.00183e-08
25826.2  5.29314e-08
28331  5.59674e-08
31078.7  5.91365e-08
34092.9  6.24349e-08
37399.4  6.58501e-08
41026.6  6.93939e-08
45005.6  7.30736e-08
49370.5  7.68732e-08
54158.7  8.08204e-08
59411.3  8.48972e-08
65173.4  8.91122e-08
71494.3  9.34822e-08
78428.2  9.79772e-08
86034.6  1.02639e-07
94378.8  1.07441e-07
103532  1.12396e-07
113573  1.17507e-07
124588  1.22893e-07
136672  1.28451e-07
149927  1.34094e-07
164468  1.39814e-07
180419  1.45733e-07
197917  1.51837e-07
217112  1.58145e-07
238169  1.64664e-07
261268  1.71373e-07
286607  1.78271e-07
314404  1.85366e-07
344896  1.92654e-07
378346  2.00155e-07
415040  2.07911e-07
455294  2.15905e-07
499451  2.2413e-07
547890  2.32563e-07
601028  2.41233e-07
659319  2.50146e-07
723263  2.5938e-07
793410  2.68883e-07
870359  2.78615e-07
954772  2.88612e-07
1.04737e+06  2.98898e-07
1.14895e+06  3.09565e-07
1.26038e+06  3.20521e-07
1.38262e+06  3.31742e-07
1.51672e+06  3.43254e-07
1.66382e+06  3.55196e-07
1.82518e+06  3.67482e-07
2.0022e+06  3.80077e-07
2.19639e+06  3.92973e-07
2.4094e+06  4.06271e-07
2.64308e+06  4.20049e-07
2.89942e+06  4.3416e-07
3.18063e+06  4.48614e-07
3.4891e+06  4.63481e-07
3.82749e+06  4.78905e-07
4.19871e+06  4.94711e-07
4.60592e+06  5.10882e-07
5.05263e+06  5.275e-07
5.54266e+06  5.44746e-07
6.08022e+06  5.62405e-07
6.66992e+06  5.80469e-07
7.31681e+06  5.99026e-07
8.02643e+06  6.18273e-07
8.80488e+06  6.37995e-07
9.65883e+06  6.58287e-07
1.05956e+07  6.79068e-07
1.16232e+07  7.00428e-07
1.27505e+07  7.22584e-07
1.39871e+07  7.45247e-07
1.53437e+07  7.68577e-07
1.68318e+07  7.92413e-07
1.84642e+07  8.16965e-07
2.0255e+07  8.42388e-07
2.22195e+07  8.68365e-07
2.43744e+07  8.95117e-07
2.67384e+07  9.22429e-07
2.93317e+07  9.50655e-07
3.21764e+07  9.79798e-07
3.52971e+07  1.00954e-06
3.87204e+07  1.04015e-06
4.24757e+07  1.07143e-06
4.65953e+07  1.10381e-06
5.11143e+07  1.1371e-06
5.60717e+07  1.17105e-06
6.15099e+07  1.20598e-06
6.74754e+07  1.24191e-06
7.40196e+07  1.27883e-06
8.11984e+07  1.3168e-06
8.90735e+07  1.35553e-06
9.77124e+07  1.39539e-06
1.07189e+08  1.43659e-06
1.17585e+08  1.47865e-06
1.28989e+08  1.52185e-06
1.41499e+08  1.56597e-06
1.55223e+08  1.61155e-06
1.70277e+08  1.65843e-06
1.86791e+08  1.7062e-06
2.04907e+08  1.7552e-06
2.24781e+08  1.80579e-06
2.46581e+08  1.85762e-06
2.70496e+08  1.91079e-06
2.9673e+08  1.96503e-06
3.25509e+08  2.02096e-06
3.57079e+08  2.07858e-06
3.9171e+08  2.13732e-06
4.297e+08  2.19743e-06
4.71375e+08  2.25936e-06
5.17092e+08  2.32292e-06
5.67243e+08  2.388e-06
6.22257e+08  2.45443e-06
6.82607e+08  2.52282e-06
7.4881e+08  2.59326e-06
8.21434e+08  2.66516e-06
9.01102e+08  2.73855e-06
9.88496e+08  2.81423e-06
1.08437e+09  2.892e-06
1.18953e+09  2.97133e-06
1.3049e+09  3.05247e-06
1.43146e+09  3.13595e-06
1.57029e+09  3.22165e-06
1.72259e+09  3.30926e-06
1.88965e+09  3.39855e-06
2.07292e+09  3.49075e-06
2.27397e+09  3.58534e-06
2.49451e+09  3.68162e-06
2.73644e+09  3.78031e-06
3.00184e+09  3.88216e-06
3.29297e+09  3.98625e-06
3.61234e+09  4.09286e-06
3.96269e+09  4.19469e-06
4.34701e+09  4.28864e-06
4.76861e+09  4.37459e-06
5.2311e+09  4.45249e-06
5.73844e+09  4.52233e-06
6.29499e+09  4.58458e-06
6.90551e+09  4.63933e-06
7.57525e+09  4.6875e-06
8.30994e+09  4.7289e-06
9.11589e+09  4.7672e-06
1e+10  4.79956e-06
