100  3.17039e-14
109.699  4.37936e-14
120.338  5.95935e-14
132.009  7.99633e-14
144.812  1.06105e-13
158.857  1.39423e-13
174.263  1.80811e-13
191.164  2.32407e-13
209.705  2.95866e-13
230.043  3.73831e-13
252.354  4.68354e-13
276.829  5.82212e-13
303.677  7.19482e-13
333.129  8.83268e-13
365.438  1.07672e-12
400.881  1.30545e-12
439.76  1.57507e-12
482.411  1.89089e-12
529.198  2.25795e-12
580.523  2.6934e-12
636.825  3.19735e-12
698.588  3.77757e-12
766.341  4.44248e-12
840.665  5.20468e-12
922.198  6.08182e-12
1011.64  7.08244e-12
1109.75  8.2256e-12
1217.38  9.527e-12
1335.45  1.10062e-11
1464.97  1.26786e-11
1607.05  1.45756e-11
1762.91  1.67291e-11
1933.89  1.91598e-11
2121.45  2.1902e-11
2327.2  2.49801e-11
2552.91  2.84336e-11
2800.5  3.2317e-11
3072.11  3.6686e-11
3370.06  4.15838e-11
3696.91  4.70589e-11
4055.46  5.31697e-11
4448.78  5.99755e-11
4880.25  6.75699e-11
5353.57  7.60424e-11
5872.79  8.54654e-11
6442.36  9.59411e-11
7067.18  1.07593e-10
7752.6  1.20515e-10
8504.49  1.34776e-10
9329.3  1.50591e-10
10234.1  1.68066e-10
11226.7  1.87303e-10
12315.5  2.08568e-10
13509.9  2.32089e-10
14820.2  2.5792e-10
16257.6  2.86301e-10
17834.3  3.17407e-10
19564  3.515e-10
21461.4  3.88881e-10
23542.9  4.29848e-10
25826.2  4.74674e-10
28331  5.23461e-10
31078.7  5.76615e-10
34092.9  6.34533e-10
37399.4  6.97463e-10
41026.6  7.65863e-10
45005.6  8.40149e-10
49370.5  9.20589e-10
54158.7  1.00751e-09
59411.3  1.10119e-09
65173.4  1.2024e-09
71494.3  1.31191e-09
78428.2  1.4294e-09
86034.6  1.55564e-09
94378.8  1.69119e-09
103532  1.83665e-09
113573  1.99247e-09
124588  2.15901e-09
136672  2.33688e-09
149927  2.52669e-09
164468  2.72936e-09
180419  2.94505e-09
197917  3.17366e-09
217112  3.41769e-09
238169  3.67612e-09
261268  3.95025e-09
286607  4.24013e-09
314404  4.54696e-09
344896  4.87621e-09
378346  5.22729e-09
415040  5.59592e-09
455294  5.98256e-09
499451  6.3866e-09
547890  6.80853e-09
601028  7.25491e-09
659319  7.72385e-09
723263  8.21719e-09
793410  8.73475e-09
870359  9.27785e-09
954772  9.84747e-09
1.04737e+06  1.04442e-08
1.14895e+06  1.10689e-08
1.26038e+06  1.17229e-08
1.38262e+06  1.2407e-08
1.51672e+06  1.31232e-08
1.66382e+06  1.38707e-08
1.82518e+06  1.46518e-08
2.0022e+06  1.54674e-08
2.19639e+06  1.63178e-08
2.4094e+06  1.72067e-08
2.64308e+06  1.81319e-08
2.89942e+06  1.90961e-08
3.18063e+06  2.01026e-08
3.4891e+06  2.11487e-08
3.82749e+06  2.22375e-08
4.19871e+06  2.3372e-08
4.60592e+06  2.45526e-08
5.05263e+06  2.57793e-08
5.54266e+06  2.70556e-08
6.08022e+06  2.83818e-08
6.66992e+06  2.97614e-08
7.31681e+06  3.11931e-08
8.02643e+06  3.2681e-08
8.80488e+06  3.42249e-08
9.65883e+06  3.58309e-08
1.05956e+07  3.74936e-08
1.16232e+07  3.92189e-08
1.27505e+07  4.101e-08
1.39871e+07  4.28658e-08
1.53437e+07  4.47899e-08
1.68318e+07  4.67841e-08
1.84642e+07  4.88543e-08
2.0255e+07  5.09969e-08
2.22195e+07  5.32129e-08
2.43744e+07  5.55139e-08
2.67384e+07  5.78938e-08
2.93317e+07  6.0359e-08
3.21764e+07  6.29083e-08
3.52971e+07  6.55479e-08
3.87204e+07  6.82759e-08
4.24757e+07  7.11006e-08
4.65953e+07  7.40177e-08
5.11143e+07  7.70406e-08
5.60717e+07  8.01653e-08
6.15099e+07  8.33929e-08
6.74754e+07  8.67253e-08
7.40196e+07  9.01709e-08
8.11984e+07  9.37362e-08
8.90735e+07  9.74166e-08
9.77124e+07  1.01222e-07
1.07189e+08  1.05145e-07
1.17585e+08  1.09199e-07
1.28989e+08  1.1338e-07
1.41499e+08  1.17693e-07
1.55223e+08  1.2215e-07
1.70277e+08  1.26745e-07
1.86791e+08  1.31493e-07
2.04907e+08  1.36397e-07
2.24781e+08  1.41451e-07
2.46581e+08  1.46658e-07
2.70496e+08  1.52026e-07
2.9673e+08  1.57563e-07
3.25509e+08  1.6327e-07
3.57079e+08  1.69158e-07
3.9171e+08  1.7522e-07
4.297e+08  1.81471e-07
4.71375e+08  1.87917e-07
5.17092e+08  1.94559e-07
5.67243e+08  2.01397e-07
6.22257e+08  2.08439e-07
6.82607e+08  2.15689e-07
7.4881e+08  2.2315e-07
8.21434e+08  2.3085e-07
9.01102e+08  2.38774e-07
9.88496e+08  2.46926e-07
1.08437e+09  2.55321e-07
1.18953e+09  2.63962e-07
1.3049e+09  2.72851e-07
1.43146e+09  2.82002e-07
1.57029e+09  2.91418e-07
1.72259e+09  3.011e-07
1.88965e+09  3.1106e-07
2.07292e+09  3.21304e-07
2.27397e+09  3.31844e-07
2.49451e+09  3.42691e-07
2.73644e+09  3.5384e-07
3.00184e+09  3.65306e-07
3.29297e+09  3.771e-07
3.61234e+09  3.8922e-07
3.96269e+09  4.01672e-07
4.34701e+09  4.1447e-07
4.76861e+09  4.27629e-07
5.2311e+09  4.4115e-07
5.73844e+09  4.55039e-07
6.29499e+09  4.69305e-07
6.90551e+09  4.83978e-07
7.57525e+09  4.99045e-07
8.30994e+09  5.14519e-07
9.11589e+09  5.30419e-07
1e+10  5.46758e-07
