100  1.27473e-11
109.699  1.39475e-11
120.338  1.52596e-11
132.009  1.66977e-11
144.812  1.82699e-11
158.857  1.99922e-11
174.263  2.18758e-11
191.164  2.3938e-11
209.705  2.61923e-11
230.043  2.85874e-11
252.354  3.11e-11
276.829  3.37479e-11
303.677  3.66435e-11
333.129  4.01073e-11
365.438  4.38987e-11
400.881  4.80445e-11
439.76  5.25825e-11
482.411  5.75424e-11
529.198  6.29708e-11
580.523  6.89021e-11
636.825  7.53912e-11
698.588  8.24791e-11
766.341  9.02294e-11
840.665  9.86931e-11
922.198  1.07945e-10
1011.64  1.18044e-10
1109.75  1.29081e-10
1217.38  1.41137e-10
1335.45  1.543e-10
1464.97  1.68666e-10
1607.05  1.84357e-10
1762.91  2.01481e-10
1933.89  2.20132e-10
2121.45  2.40481e-10
2327.2  2.62628e-10
2552.91  2.86761e-10
2800.5  3.13004e-10
3072.11  3.4155e-10
3370.06  3.72544e-10
3696.91  4.06213e-10
4055.46  4.42684e-10
4448.78  4.82299e-10
4880.25  5.25164e-10
5353.57  5.71449e-10
5872.79  6.21515e-10
6442.36  6.75521e-10
7067.18  7.33732e-10
7752.6  7.96618e-10
8504.49  8.64652e-10
9329.3  9.38591e-10
10234.1  1.01829e-09
11226.7  1.10387e-09
12315.5  1.19576e-09
13509.9  1.29428e-09
14820.2  1.4e-09
16257.6  1.51306e-09
17834.3  1.63386e-09
19564  1.76298e-09
21461.4  1.90087e-09
23542.9  2.04802e-09
25826.2  2.2049e-09
28331  2.3717e-09
31078.7  2.54943e-09
34092.9  2.7378e-09
37399.4  2.93763e-09
41026.6  3.14929e-09
45005.6  3.37322e-09
49370.5  3.60997e-09
54158.7  3.85987e-09
59411.3  4.12369e-09
65173.4  4.40116e-09
71494.3  4.69381e-09
78428.2  5.00095e-09
86034.6  5.32408e-09
94378.8  5.66289e-09
103532  6.01826e-09
113573  6.39013e-09
124588  6.77934e-09
136672  7.18604e-09
149927  7.61104e-09
164468  8.05425e-09
180419  8.51666e-09
197917  8.99835e-09
217112  9.50012e-09
238169  1.00222e-08
261268  1.05651e-08
286607  1.11294e-08
314404  1.17152e-08
344896  1.23239e-08
378346  1.29546e-08
415040  1.36094e-08
455294  1.42881e-08
499451  1.49925e-08
547890  1.57252e-08
601028  1.6486e-08
659319  1.72779e-08
723263  1.80979e-08
793410  1.89359e-08
870359  1.97893e-08
954772  2.06556e-08
1.04737e+06  2.15865e-08
1.14895e+06  2.25511e-08
1.26038e+06  2.35374e-08
1.38262e+06  2.45391e-08
1.51672e+06  2.55813e-08
1.66382e+06  2.66701e-08
1.82518e+06  2.77864e-08
2.0022e+06  2.8939e-08
2.19639e+06  3.01276e-08
2.4094e+06  3.13545e-08
2.64308e+06  3.26202e-08
2.89942e+06  3.39264e-08
3.18063e+06  3.5271e-08
3.4891e+06  3.66617e-08
3.82749e+06  3.80934e-08
4.19871e+06  3.95696e-08
4.60592e+06  4.10918e-08
5.05263e+06  4.26607e-08
5.54266e+06  4.42796e-08
6.08022e+06  4.59459e-08
6.66992e+06  4.76663e-08
7.31681e+06  4.94405e-08
8.02643e+06  5.1267e-08
8.80488e+06  5.31492e-08
9.65883e+06  5.50903e-08
1.05956e+07  5.70917e-08
1.16232e+07  5.91543e-08
1.27505e+07  6.12763e-08
1.39871e+07  6.34609e-08
1.53437e+07  6.57134e-08
1.68318e+07  6.80372e-08
1.84642e+07  7.04283e-08
2.0255e+07  7.28903e-08
2.22195e+07  7.54301e-08
2.43744e+07  7.80439e-08
2.67384e+07  8.07367e-08
2.93317e+07  8.35064e-08
3.21764e+07  8.636e-08
3.52971e+07  8.92991e-08
3.87204e+07  9.2323e-08
4.24757e+07  9.54354e-08
4.65953e+07  9.86449e-08
5.11143e+07  1.01945e-07
5.60717e+07  1.0534e-07
6.15099e+07  1.08833e-07
6.74754e+07  1.12427e-07
7.40196e+07  1.16129e-07
8.11984e+07  1.1994e-07
8.90735e+07  1.23858e-07
9.77124e+07  1.27891e-07
1.07189e+08  1.32044e-07
1.17585e+08  1.36309e-07
1.28989e+08  1.40694e-07
1.41499e+08  1.45204e-07
1.55223e+08  1.49842e-07
1.70277e+08  1.54613e-07
1.86791e+08  1.59522e-07
2.04907e+08  1.64571e-07
2.24781e+08  1.69757e-07
2.46581e+08  1.75093e-07
2.70496e+08  1.80578e-07
2.9673e+08  1.86213e-07
3.25509e+08  1.92007e-07
3.57079e+08  1.97961e-07
3.9171e+08  2.04075e-07
4.297e+08  2.10354e-07
4.71375e+08  2.16815e-07
5.17092e+08  2.23451e-07
5.67243e+08  2.30265e-07
6.22257e+08  2.37267e-07
6.82607e+08  2.44473e-07
7.4881e+08  2.51871e-07
8.21434e+08  2.59469e-07
9.01102e+08  2.67268e-07
9.88496e+08  2.75275e-07
1.08437e+09  2.83491e-07
1.18953e+09  2.91923e-07
1.3049e+09  3.00584e-07
1.43146e+09  3.09484e-07
1.57029e+09  3.18626e-07
1.72259e+09  3.28013e-07
1.88965e+09  3.37642e-07
2.07292e+09  3.47533e-07
2.27397e+09  3.57686e-07
2.49451e+09  3.68107e-07
2.73644e+09  3.7879e-07
3.00184e+09  3.8975e-07
3.29297e+09  4.00994e-07
3.61234e+09  4.12535e-07
3.96269e+09  4.24368e-07
4.34701e+09  4.36517e-07
4.76861e+09  4.48989e-07
5.2311e+09  4.61782e-07
5.73844e+09  4.74894e-07
6.29499e+09  4.88342e-07
6.90551e+09  5.02152e-07
7.57525e+09  5.16314e-07
8.30994e+09  5.30829e-07
9.11589e+09  5.45715e-07
1e+10  5.60979e-07
