100  6.49654e-11
109.699  7.09653e-11
120.338  7.75351e-11
132.009  8.47156e-11
144.812  9.25502e-11
158.857  1.01096e-10
174.263  1.10418e-10
191.164  1.2059e-10
209.705  1.31744e-10
230.043  1.43915e-10
252.354  1.57187e-10
276.829  1.71652e-10
303.677  1.87411e-10
333.129  2.04582e-10
365.438  2.23395e-10
400.881  2.43894e-10
439.76  2.66207e-10
482.411  2.90483e-10
529.198  3.16883e-10
580.523  3.45694e-10
636.825  3.77113e-10
698.588  4.11242e-10
766.341  4.48292e-10
840.665  4.88475e-10
922.198  5.32309e-10
1011.64  5.79908e-10
1109.75  6.31448e-10
1217.38  6.87191e-10
1335.45  7.47712e-10
1464.97  8.13395e-10
1607.05  8.84263e-10
1762.91  9.60625e-10
1933.89  1.04363e-09
2121.45  1.13301e-09
2327.2  1.22998e-09
2552.91  1.3343e-09
2800.5  1.44609e-09
3072.11  1.56615e-09
3370.06  1.69533e-09
3696.91  1.83349e-09
4055.46  1.98097e-09
4448.78  2.13975e-09
4880.25  2.30875e-09
5353.57  2.49021e-09
5872.79  2.68202e-09
6442.36  2.88767e-09
7067.18  3.10452e-09
7752.6  3.33711e-09
8504.49  3.58216e-09
9329.3  3.84289e-09
10234.1  4.1169e-09
11226.7  4.40682e-09
12315.5  4.71437e-09
13509.9  5.03522e-09
14820.2  5.375e-09
16257.6  5.73215e-09
17834.3  6.10511e-09
19564  6.49696e-09
21461.4  6.90768e-09
23542.9  7.33646e-09
25826.2  7.78212e-09
28331  8.24911e-09
31078.7  8.73676e-09
34092.9  9.2434e-09
37399.4  9.76922e-09
41026.6  1.03147e-08
45005.6  1.08804e-08
49370.5  1.14686e-08
54158.7  1.20786e-08
59411.3  1.27095e-08
65173.4  1.33618e-08
71494.3  1.40362e-08
78428.2  1.47327e-08
86034.6  1.54524e-08
94378.8  1.61949e-08
103532  1.69618e-08
113573  1.7752e-08
124588  1.85674e-08
136672  1.94081e-08
149927  2.02782e-08
164468  2.11786e-08
180419  2.21167e-08
197917  2.30847e-08
217112  2.40668e-08
238169  2.50526e-08
261268  2.60557e-08
286607  2.71555e-08
314404  2.82653e-08
344896  2.93761e-08
378346  3.05302e-08
415040  3.17316e-08
455294  3.29662e-08
499451  3.42389e-08
547890  3.55494e-08
601028  3.68979e-08
659319  3.82806e-08
723263  3.97024e-08
793410  4.11756e-08
870359  4.2693e-08
954772  4.42526e-08
1.04737e+06  4.58514e-08
1.14895e+06  4.7495e-08
1.26038e+06  4.91999e-08
1.38262e+06  5.09542e-08
1.51672e+06  5.27558e-08
1.66382e+06  5.46027e-08
1.82518e+06  5.65083e-08
2.0022e+06  5.84832e-08
2.19639e+06  6.05093e-08
2.4094e+06  6.25869e-08
2.64308e+06  6.47181e-08
2.89942e+06  6.69296e-08
3.18063e+06  6.92053e-08
3.4891e+06  7.15381e-08
3.82749e+06  7.39435e-08
4.19871e+06  7.64273e-08
4.60592e+06  7.8986e-08
5.05263e+06  8.16191e-08
5.54266e+06  8.4341e-08
6.08022e+06  8.71486e-08
6.66992e+06  9.004e-08
7.31681e+06  9.30117e-08
8.02643e+06  9.6075e-08
8.80488e+06  9.92239e-08
9.65883e+06  1.02457e-07
1.05956e+07  1.058e-07
1.16232e+07  1.09251e-07
1.27505e+07  1.12791e-07
1.39871e+07  1.16436e-07
1.53437e+07  1.2018e-07
1.68318e+07  1.24027e-07
1.84642e+07  1.28008e-07
2.0255e+07  1.32103e-07
2.22195e+07  1.36303e-07
2.43744e+07  1.40628e-07
2.67384e+07  1.45055e-07
2.93317e+07  1.49625e-07
3.21764e+07  1.54348e-07
3.52971e+07  1.59181e-07
3.87204e+07  1.64151e-07
4.24757e+07  1.69243e-07
4.65953e+07  1.74509e-07
5.11143e+07  1.79928e-07
5.60717e+07  1.85482e-07
6.15099e+07  1.91183e-07
6.74754e+07  1.9703e-07
7.40196e+07  2.03075e-07
8.11984e+07  2.09284e-07
8.90735e+07  2.15652e-07
9.77124e+07  2.22173e-07
1.07189e+08  2.2888e-07
1.17585e+08  2.3581e-07
1.28989e+08  2.42905e-07
1.41499e+08  2.5019e-07
1.55223e+08  2.57648e-07
1.70277e+08  2.65344e-07
1.86791e+08  2.73262e-07
2.04907e+08  2.8136e-07
2.24781e+08  2.89673e-07
2.46581e+08  2.98199e-07
2.70496e+08  3.06992e-07
2.9673e+08  3.16016e-07
3.25509e+08  3.25231e-07
3.57079e+08  3.34704e-07
3.9171e+08  3.44488e-07
4.297e+08  3.54491e-07
4.71375e+08  3.64758e-07
5.17092e+08  3.7525e-07
5.67243e+08  3.86073e-07
6.22257e+08  3.97203e-07
6.82607e+08  4.0856e-07
7.4881e+08  4.20211e-07
8.21434e+08  4.32193e-07
9.01102e+08  4.44502e-07
9.88496e+08  4.57121e-07
1.08437e+09  4.70001e-07
1.18953e+09  4.83264e-07
1.3049e+09  4.96925e-07
1.43146e+09  5.10857e-07
1.57029e+09  5.25142e-07
1.72259e+09  5.3981e-07
1.88965e+09  5.54879e-07
2.07292e+09  5.70323e-07
2.27397e+09  5.86073e-07
2.49451e+09  6.02272e-07
2.73644e+09  6.18956e-07
3.00184e+09  6.35986e-07
3.29297e+09  6.53421e-07
3.61234e+09  6.71302e-07
3.96269e+09  6.89713e-07
4.34701e+09  7.08543e-07
4.76861e+09  7.27759e-07
5.2311e+09  7.47513e-07
5.73844e+09  7.67411e-07
6.29499e+09  7.86237e-07
6.90551e+09  8.03944e-07
7.57525e+09  8.20464e-07
8.30994e+09  8.35907e-07
9.11589e+09  8.50303e-07
1e+10  8.63616e-07
