100  5.07414e-10
109.699  5.54166e-10
120.338  6.05145e-10
132.009  6.60724e-10
144.812  7.21454e-10
158.857  7.87977e-10
174.263  8.6058e-10
191.164  9.39721e-10
209.705  1.02595e-09
230.043  1.11986e-09
252.354  1.22285e-09
276.829  1.33516e-09
303.677  1.45742e-09
333.129  1.59045e-09
365.438  1.73516e-09
400.881  1.89362e-09
439.76  2.06612e-09
482.411  2.25355e-09
529.198  2.45709e-09
580.523  2.67882e-09
636.825  2.92064e-09
698.588  3.18287e-09
766.341  3.46694e-09
840.665  3.77607e-09
922.198  4.11213e-09
1011.64  4.47547e-09
1109.75  4.86779e-09
1217.38  5.2957e-09
1335.45  5.75727e-09
1464.97  6.25427e-09
1607.05  6.79503e-09
1762.91  7.37922e-09
1933.89  8.0122e-09
2121.45  8.69124e-09
2327.2  9.42051e-09
2552.91  1.02054e-08
2800.5  1.10481e-08
3072.11  1.19496e-08
3370.06  1.29215e-08
3696.91  1.39603e-08
4055.46  1.5075e-08
4448.78  1.62591e-08
4880.25  1.75301e-08
5353.57  1.8886e-08
5872.79  2.03287e-08
6442.36  2.18744e-08
7067.18  2.34997e-08
7752.6  2.52411e-08
8504.49  2.70866e-08
9329.3  2.90312e-08
10234.1  3.11029e-08
11226.7  3.3291e-08
12315.5  3.55934e-08
13509.9  3.80364e-08
14820.2  4.06057e-08
16257.6  4.33106e-08
17834.3  4.6144e-08
19564  4.69147e-08
21461.4  4.82389e-08
23542.9  5.10814e-08
25826.2  5.40382e-08
28331  5.71212e-08
31078.7  6.03355e-08
34092.9  6.36686e-08
37399.4  6.71232e-08
41026.6  7.06994e-08
45005.6  7.44028e-08
49370.5  7.82335e-08
54158.7  8.21977e-08
59411.3  8.62956e-08
65173.4  9.0532e-08
71494.3  9.49079e-08
78428.2  9.94271e-08
86034.6  1.04092e-07
94378.8  1.08903e-07
103532  1.13873e-07
113573  1.19012e-07
124588  1.24336e-07
136672  1.29845e-07
149927  1.35565e-07
164468  1.4142e-07
180419  1.47262e-07
197917  1.53168e-07
217112  1.59569e-07
238169  1.66141e-07
261268  1.7278e-07
286607  1.79563e-07
314404  1.86675e-07
344896  1.93974e-07
378346  2.01452e-07
415040  2.09136e-07
455294  2.1709e-07
499451  2.25297e-07
547890  2.33713e-07
601028  2.42364e-07
659319  2.51236e-07
723263  2.60403e-07
793410  2.69885e-07
870359  2.79603e-07
954772  2.89583e-07
1.04737e+06  2.99823e-07
1.14895e+06  3.10426e-07
1.26038e+06  3.2137e-07
1.38262e+06  3.32577e-07
1.51672e+06  3.44071e-07
1.66382e+06  3.5592e-07
1.82518e+06  3.68202e-07
2.0022e+06  3.8079e-07
2.19639e+06  3.93666e-07
2.4094e+06  4.06901e-07
2.64308e+06  4.20648e-07
2.89942e+06  4.34749e-07
3.18063e+06  4.49199e-07
3.4891e+06  4.64019e-07
3.82749e+06  4.79393e-07
4.19871e+06  4.95199e-07
4.60592e+06  5.1137e-07
5.05263e+06  5.27942e-07
5.54266e+06  5.45141e-07
6.08022e+06  5.62806e-07
6.66992e+06  5.80873e-07
7.31681e+06  5.99405e-07
8.02643e+06  6.18592e-07
8.80488e+06  6.3832e-07
9.65883e+06  6.58606e-07
1.05956e+07  6.794e-07
1.16232e+07  7.00762e-07
1.27505e+07  7.22839e-07
1.39871e+07  7.45513e-07
1.53437e+07  7.68855e-07
1.68318e+07  7.92719e-07
1.84642e+07  8.17248e-07
2.0255e+07  8.42611e-07
2.22195e+07  8.68617e-07
2.43744e+07  8.95389e-07
2.67384e+07  9.2273e-07
2.93317e+07  9.50879e-07
3.21764e+07  9.80037e-07
3.52971e+07  1.00981e-06
3.87204e+07  1.04044e-06
4.24757e+07  1.07172e-06
4.65953e+07  1.10405e-06
5.11143e+07  1.13738e-06
5.60717e+07  1.17137e-06
6.15099e+07  1.20634e-06
6.74754e+07  1.24217e-06
7.40196e+07  1.27914e-06
8.11984e+07  1.31716e-06
8.90735e+07  1.35594e-06
9.77124e+07  1.39576e-06
1.07189e+08  1.43696e-06
1.17585e+08  1.47906e-06
1.28989e+08  1.52231e-06
1.41499e+08  1.56645e-06
1.55223e+08  1.61198e-06
1.70277e+08  1.65892e-06
1.86791e+08  1.70676e-06
2.04907e+08  1.75582e-06
2.24781e+08  1.8063e-06
2.46581e+08  1.85821e-06
2.70496e+08  1.91145e-06
2.9673e+08  1.96579e-06
3.25509e+08  2.02159e-06
3.57079e+08  2.07928e-06
3.9171e+08  2.13812e-06
4.297e+08  2.19831e-06
4.71375e+08  2.26012e-06
5.17092e+08  2.32378e-06
5.67243e+08  2.38894e-06
6.22257e+08  2.45548e-06
6.82607e+08  2.52374e-06
7.4881e+08  2.59427e-06
8.21434e+08  2.6663e-06
9.01102e+08  2.7398e-06
9.88496e+08  2.81533e-06
1.08437e+09  2.89321e-06
1.18953e+09  2.97267e-06
1.3049e+09  3.05394e-06
1.43146e+09  3.13726e-06
1.57029e+09  3.22308e-06
1.72259e+09  3.31085e-06
1.88965e+09  3.40018e-06
2.07292e+09  3.4923e-06
2.27397e+09  3.58706e-06
2.49451e+09  3.6835e-06
2.73644e+09  3.78233e-06
3.00184e+09  3.884e-06
3.29297e+09  3.98809e-06
3.61234e+09  4.09472e-06
3.96269e+09  4.197e-06
4.34701e+09  4.29136e-06
4.76861e+09  4.37769e-06
5.2311e+09  4.45591e-06
5.73844e+09  4.52603e-06
6.29499e+09  4.58848e-06
6.90551e+09  4.64346e-06
7.57525e+09  4.69179e-06
8.30994e+09  4.73346e-06
9.11589e+09  4.77188e-06
1e+10  4.80433e-06
