100  3.085e-14
109.699  4.26453e-14
120.338  5.80928e-14
132.009  7.80594e-14
144.812  1.0365e-13
158.857  1.3633e-13
174.263  1.76955e-13
191.164  2.27645e-13
209.705  2.9013e-13
230.043  3.6693e-13
252.354  4.60045e-13
276.829  5.72314e-13
303.677  7.07687e-13
333.129  8.69385e-13
365.438  1.06034e-12
400.881  1.28634e-12
439.76  1.55306e-12
482.411  1.86485e-12
529.198  2.23081e-12
580.523  2.66157e-12
636.825  3.1596e-12
698.588  3.73353e-12
766.341  4.39015e-12
840.665  5.14497e-12
922.198  6.01194e-12
1011.64  7.00581e-12
1109.75  8.1383e-12
1217.38  9.43153e-12
1335.45  1.08966e-11
1464.97  1.25571e-11
1607.05  1.44387e-11
1762.91  1.65749e-11
1933.89  1.8991e-11
2121.45  2.17069e-11
2327.2  2.4765e-11
2552.91  2.8198e-11
2800.5  3.20507e-11
3072.11  3.6392e-11
3370.06  4.12581e-11
3696.91  4.66927e-11
4055.46  5.27636e-11
4448.78  5.95307e-11
4880.25  6.70755e-11
5353.57  7.55058e-11
5872.79  8.4876e-11
6442.36  9.52879e-11
7067.18  1.0687e-10
7752.6  1.19725e-10
8504.49  1.33921e-10
9329.3  1.49645e-10
10234.1  1.67028e-10
11226.7  1.86202e-10
12315.5  2.07357e-10
13509.9  2.30756e-10
14820.2  2.56473e-10
16257.6  2.84732e-10
17834.3  3.15708e-10
19564  3.49699e-10
21461.4  3.86944e-10
23542.9  4.27713e-10
25826.2  4.72378e-10
28331  5.21013e-10
31078.7  5.73972e-10
34092.9  6.31744e-10
37399.4  6.94526e-10
41026.6  7.62682e-10
45005.6  8.36756e-10
49370.5  9.16966e-10
54158.7  1.00362e-09
59411.3  1.09721e-09
65173.4  1.19817e-09
71494.3  1.30728e-09
78428.2  1.42455e-09
86034.6  1.5505e-09
94378.8  1.68584e-09
103532  1.83096e-09
113573  1.98636e-09
124588  2.15261e-09
136672  2.3302e-09
149927  2.51979e-09
164468  2.7219e-09
180419  2.93728e-09
197917  3.16576e-09
217112  3.40931e-09
238169  3.66736e-09
261268  3.94114e-09
286607  4.23094e-09
314404  4.53795e-09
344896  4.86493e-09
378346  5.2144e-09
415040  5.58246e-09
455294  5.97106e-09
499451  6.37766e-09
547890  6.8027e-09
601028  7.247e-09
659319  7.70857e-09
723263  8.19634e-09
793410  8.72161e-09
870359  9.26861e-09
954772  9.83725e-09
1.04737e+06  1.04276e-08
1.14895e+06  1.10501e-08
1.26038e+06  1.17059e-08
1.38262e+06  1.239e-08
1.51672e+06  1.31055e-08
1.66382e+06  1.38519e-08
1.82518e+06  1.46324e-08
2.0022e+06  1.54473e-08
2.19639e+06  1.62968e-08
2.4094e+06  1.71851e-08
2.64308e+06  1.81093e-08
2.89942e+06  1.90727e-08
3.18063e+06  2.00785e-08
3.4891e+06  2.11236e-08
3.82749e+06  2.22115e-08
4.19871e+06  2.3345e-08
4.60592e+06  2.45245e-08
5.05263e+06  2.57497e-08
5.54266e+06  2.70254e-08
6.08022e+06  2.83506e-08
6.66992e+06  2.97286e-08
7.31681e+06  3.11594e-08
8.02643e+06  3.26459e-08
8.80488e+06  3.41878e-08
9.65883e+06  3.57934e-08
1.05956e+07  3.7455e-08
1.16232e+07  3.91787e-08
1.27505e+07  4.09674e-08
1.39871e+07  4.28226e-08
1.53437e+07  4.47452e-08
1.68318e+07  4.67377e-08
1.84642e+07  4.88064e-08
2.0255e+07  5.09468e-08
2.22195e+07  5.31619e-08
2.43744e+07  5.54601e-08
2.67384e+07  5.7838e-08
2.93317e+07  6.03024e-08
3.21764e+07  6.28493e-08
3.52971e+07  6.54862e-08
3.87204e+07  6.82131e-08
4.24757e+07  7.10348e-08
4.65953e+07  7.39509e-08
5.11143e+07  7.69713e-08
5.60717e+07  8.00932e-08
6.15099e+07  8.33175e-08
6.74754e+07  8.6647e-08
7.40196e+07  9.00916e-08
8.11984e+07  9.36535e-08
8.90735e+07  9.73313e-08
9.77124e+07  1.01133e-07
1.07189e+08  1.05055e-07
1.17585e+08  1.09105e-07
1.28989e+08  1.13282e-07
1.41499e+08  1.17593e-07
1.55223e+08  1.22046e-07
1.70277e+08  1.26638e-07
1.86791e+08  1.31383e-07
2.04907e+08  1.36283e-07
2.24781e+08  1.41333e-07
2.46581e+08  1.46536e-07
2.70496e+08  1.51899e-07
2.9673e+08  1.57431e-07
3.25509e+08  1.63139e-07
3.57079e+08  1.6902e-07
3.9171e+08  1.75077e-07
4.297e+08  1.81328e-07
4.71375e+08  1.87768e-07
5.17092e+08  1.94404e-07
5.67243e+08  2.01237e-07
6.22257e+08  2.08273e-07
6.82607e+08  2.15518e-07
7.4881e+08  2.22979e-07
8.21434e+08  2.30672e-07
9.01102e+08  2.38589e-07
9.88496e+08  2.46736e-07
1.08437e+09  2.5513e-07
1.18953e+09  2.63763e-07
1.3049e+09  2.72646e-07
1.43146e+09  2.8179e-07
1.57029e+09  2.91197e-07
1.72259e+09  3.00873e-07
1.88965e+09  3.10825e-07
2.07292e+09  3.21072e-07
2.27397e+09  3.31602e-07
2.49451e+09  3.42439e-07
2.73644e+09  3.53582e-07
3.00184e+09  3.65044e-07
3.29297e+09  3.76831e-07
3.61234e+09  3.8894e-07
3.96269e+09  4.01382e-07
4.34701e+09  4.14172e-07
4.76861e+09  4.27321e-07
5.2311e+09  4.40833e-07
5.73844e+09  4.54712e-07
6.29499e+09  4.68982e-07
6.90551e+09  4.83643e-07
7.57525e+09  4.98699e-07
8.30994e+09  5.14163e-07
9.11589e+09  5.30051e-07
1e+10  5.46386e-07
