100  3.53263e-12
109.699  3.86351e-12
120.338  4.22597e-12
132.009  4.62284e-12
144.812  5.05676e-12
158.857  5.53196e-12
174.263  6.05149e-12
191.164  6.62042e-12
209.705  7.24312e-12
230.043  7.92462e-12
252.354  8.67046e-12
276.829  9.48633e-12
303.677  1.03649e-11
333.129  1.12862e-11
365.438  1.22607e-11
400.881  1.33771e-11
439.76  1.46455e-11
482.411  1.60351e-11
529.198  1.75546e-11
580.523  1.92178e-11
636.825  2.10356e-11
698.588  2.3025e-11
766.341  2.52022e-11
840.665  2.75804e-11
922.198  3.01825e-11
1011.64  3.30269e-11
1109.75  3.6142e-11
1217.38  3.95484e-11
1335.45  4.32673e-11
1464.97  4.73282e-11
1607.05  5.1761e-11
1762.91  5.65964e-11
1933.89  6.18661e-11
2121.45  6.76075e-11
2327.2  7.38667e-11
2552.91  8.06774e-11
2800.5  8.80976e-11
3072.11  9.61769e-11
3370.06  1.04971e-10
3696.91  1.14533e-10
4055.46  1.24927e-10
4448.78  1.36198e-10
4880.25  1.48438e-10
5353.57  1.61692e-10
5872.79  1.76051e-10
6442.36  1.91591e-10
7067.18  2.08395e-10
7752.6  2.26574e-10
8504.49  2.46256e-10
9329.3  2.67577e-10
10234.1  2.90529e-10
11226.7  3.15218e-10
12315.5  3.4176e-10
13509.9  3.70315e-10
14820.2  4.00974e-10
16257.6  4.33879e-10
17834.3  4.69124e-10
19564  5.06924e-10
21461.4  5.47319e-10
23542.9  5.90458e-10
25826.2  6.36584e-10
28331  6.85764e-10
31078.7  7.38126e-10
34092.9  7.93787e-10
37399.4  8.53e-10
41026.6  9.15784e-10
45005.6  9.82416e-10
49370.5  1.05306e-09
54158.7  1.12761e-09
59411.3  1.20663e-09
65173.4  1.28982e-09
71494.3  1.37349e-09
78428.2  1.4543e-09
86034.6  1.53015e-09
94378.8  1.60098e-09
103532  1.66696e-09
113573  1.75653e-09
124588  1.86277e-09
136672  1.97371e-09
149927  2.0896e-09
164468  2.21021e-09
180419  2.33611e-09
197917  2.46721e-09
217112  2.60362e-09
238169  2.7454e-09
261268  2.89281e-09
286607  3.04577e-09
314404  3.20474e-09
344896  3.36948e-09
378346  3.54034e-09
415040  3.71736e-09
455294  3.90076e-09
499451  4.0914e-09
547890  4.28913e-09
601028  4.49452e-09
659319  4.70834e-09
723263  4.9284e-09
793410  5.1531e-09
870359  5.3812e-09
954772  5.61461e-09
1.04737e+06  5.86784e-09
1.14895e+06  6.12619e-09
1.26038e+06  6.38933e-09
1.38262e+06  6.658e-09
1.51672e+06  6.9386e-09
1.66382e+06  7.22966e-09
1.82518e+06  7.52861e-09
2.0022e+06  7.83703e-09
2.19639e+06  8.15458e-09
2.4094e+06  8.48262e-09
2.64308e+06  8.82059e-09
2.89942e+06  9.16937e-09
3.18063e+06  9.52831e-09
3.4891e+06  9.89882e-09
3.82749e+06  1.02805e-08
4.19871e+06  1.06735e-08
4.60592e+06  1.1079e-08
5.05263e+06  1.14966e-08
5.54266e+06  1.19271e-08
6.08022e+06  1.23704e-08
6.66992e+06  1.2827e-08
7.31681e+06  1.32984e-08
8.02643e+06  1.37835e-08
8.80488e+06  1.42827e-08
9.65883e+06  1.47978e-08
1.05956e+07  1.53285e-08
1.16232e+07  1.58742e-08
1.27505e+07  1.64363e-08
1.39871e+07  1.70151e-08
1.53437e+07  1.76111e-08
1.68318e+07  1.82256e-08
1.84642e+07  1.88583e-08
2.0255e+07  1.95093e-08
2.22195e+07  2.0179e-08
2.43744e+07  2.08692e-08
2.67384e+07  2.15796e-08
2.93317e+07  2.23109e-08
3.21764e+07  2.30635e-08
3.52971e+07  2.38386e-08
3.87204e+07  2.46358e-08
4.24757e+07  2.54552e-08
4.65953e+07  2.62981e-08
5.11143e+07  2.71665e-08
5.60717e+07  2.80603e-08
6.15099e+07  2.89794e-08
6.74754e+07  2.99246e-08
7.40196e+07  3.08981e-08
8.11984e+07  3.18985e-08
8.90735e+07  3.29271e-08
9.77124e+07  3.39854e-08
1.07189e+08  3.50727e-08
1.17585e+08  3.61909e-08
1.28989e+08  3.73411e-08
1.41499e+08  3.85234e-08
1.55223e+08  3.97377e-08
1.70277e+08  4.09878e-08
1.86791e+08  4.22734e-08
2.04907e+08  4.3595e-08
2.24781e+08  4.49519e-08
2.46581e+08  4.63458e-08
2.70496e+08  4.77777e-08
2.9673e+08  4.92496e-08
3.25509e+08  5.07623e-08
3.57079e+08  5.23158e-08
3.9171e+08  5.39121e-08
4.297e+08  5.55528e-08
4.71375e+08  5.72387e-08
5.17092e+08  5.89699e-08
5.67243e+08  6.07476e-08
6.22257e+08  6.25727e-08
6.82607e+08  6.44459e-08
7.4881e+08  6.63682e-08
8.21434e+08  6.8343e-08
9.01102e+08  7.03735e-08
9.88496e+08  7.24565e-08
1.08437e+09  7.45936e-08
1.18953e+09  7.67874e-08
1.3049e+09  7.90413e-08
1.43146e+09  8.13544e-08
1.57029e+09  8.37283e-08
1.72259e+09  8.61643e-08
1.88965e+09  8.86624e-08
2.07292e+09  9.12257e-08
2.27397e+09  9.38558e-08
2.49451e+09  9.65535e-08
2.73644e+09  9.93239e-08
3.00184e+09  1.02165e-07
3.29297e+09  1.05078e-07
3.61234e+09  1.08065e-07
3.96269e+09  1.11132e-07
4.34701e+09  1.14278e-07
4.76861e+09  1.17504e-07
5.2311e+09  1.20813e-07
5.73844e+09  1.24206e-07
6.29499e+09  1.27683e-07
6.90551e+09  1.31248e-07
7.57525e+09  1.34902e-07
8.30994e+09  1.38645e-07
9.11589e+09  1.42485e-07
1e+10  1.46423e-07
