100  3.16671e-14
109.699  4.37114e-14
120.338  5.94574e-14
132.009  7.97596e-14
144.812  1.05783e-13
158.857  1.38953e-13
174.263  1.80147e-13
191.164  2.31479e-13
209.705  2.9462e-13
230.043  3.72151e-13
252.354  4.66152e-13
276.829  5.7949e-13
303.677  7.15972e-13
333.129  8.78825e-13
365.438  1.07135e-12
400.881  1.29876e-12
439.76  1.5668e-12
482.411  1.88109e-12
529.198  2.24581e-12
580.523  2.6775e-12
636.825  3.17892e-12
698.588  3.75719e-12
766.341  4.42063e-12
840.665  5.18246e-12
922.198  6.05731e-12
1011.64  7.05413e-12
1109.75  8.19194e-12
1217.38  9.47965e-12
1335.45  1.09481e-11
1464.97  1.26108e-11
1607.05  1.44976e-11
1762.91  1.66466e-11
1933.89  1.90744e-11
2121.45  2.18087e-11
2327.2  2.48805e-11
2552.91  2.8328e-11
2800.5  3.22031e-11
3072.11  3.65477e-11
3370.06  4.14225e-11
3696.91  4.68785e-11
4055.46  5.29752e-11
4448.78  5.9764e-11
4880.25  6.73419e-11
5353.57  7.57898e-11
5872.79  8.51896e-11
6442.36  9.56364e-11
7067.18  1.07259e-10
7752.6  1.2015e-10
8504.49  1.34382e-10
9329.3  1.50165e-10
10234.1  1.67613e-10
11226.7  1.86825e-10
12315.5  2.08046e-10
13509.9  2.31507e-10
14820.2  2.5728e-10
16257.6  2.85611e-10
17834.3  3.16689e-10
19564  3.5076e-10
21461.4  3.88072e-10
23542.9  4.28958e-10
25826.2  4.7371e-10
28331  5.22449e-10
31078.7  5.75556e-10
34092.9  6.33438e-10
37399.4  6.96318e-10
41026.6  7.64648e-10
45005.6  8.38824e-10
49370.5  9.19155e-10
54158.7  1.006e-09
59411.3  1.09971e-09
65173.4  1.20078e-09
71494.3  1.31009e-09
78428.2  1.42746e-09
86034.6  1.55366e-09
94378.8  1.68912e-09
103532  1.83436e-09
113573  1.99003e-09
124588  2.15641e-09
136672  2.33421e-09
149927  2.52394e-09
164468  2.72619e-09
180419  2.94179e-09
197917  3.17048e-09
217112  3.41424e-09
238169  3.67244e-09
261268  3.94645e-09
286607  4.23638e-09
314404  4.54368e-09
344896  4.87082e-09
378346  5.22033e-09
415040  5.58865e-09
455294  5.97753e-09
499451  6.38455e-09
547890  6.80977e-09
601028  7.25435e-09
659319  7.71606e-09
723263  8.20386e-09
793410  8.72953e-09
870359  9.27678e-09
954772  9.84575e-09
1.04737e+06  1.04366e-08
1.14895e+06  1.10591e-08
1.26038e+06  1.17153e-08
1.38262e+06  1.23999e-08
1.51672e+06  1.31156e-08
1.66382e+06  1.38624e-08
1.82518e+06  1.46432e-08
2.0022e+06  1.54587e-08
2.19639e+06  1.63087e-08
2.4094e+06  1.71972e-08
2.64308e+06  1.8122e-08
2.89942e+06  1.9086e-08
3.18063e+06  2.00922e-08
3.4891e+06  2.11379e-08
3.82749e+06  2.22263e-08
4.19871e+06  2.33604e-08
4.60592e+06  2.45406e-08
5.05263e+06  2.57669e-08
5.54266e+06  2.70429e-08
6.08022e+06  2.83686e-08
6.66992e+06  2.97477e-08
7.31681e+06  3.1179e-08
8.02643e+06  3.26663e-08
8.80488e+06  3.42093e-08
9.65883e+06  3.58157e-08
1.05956e+07  3.74784e-08
1.16232e+07  3.92024e-08
1.27505e+07  4.09924e-08
1.39871e+07  4.28484e-08
1.53437e+07  4.47723e-08
1.68318e+07  4.67654e-08
1.84642e+07  4.88352e-08
2.0255e+07  5.09771e-08
2.22195e+07  5.31931e-08
2.43744e+07  5.54929e-08
2.67384e+07  5.78723e-08
2.93317e+07  6.03369e-08
3.21764e+07  6.28855e-08
3.52971e+07  6.55243e-08
3.87204e+07  6.82521e-08
4.24757e+07  7.10756e-08
4.65953e+07  7.39918e-08
5.11143e+07  7.70142e-08
5.60717e+07  8.0138e-08
6.15099e+07  8.33644e-08
6.74754e+07  8.66959e-08
7.40196e+07  9.01418e-08
8.11984e+07  9.37059e-08
8.90735e+07  9.73848e-08
9.77124e+07  1.01188e-07
1.07189e+08  1.05112e-07
1.17585e+08  1.09165e-07
1.28989e+08  1.13344e-07
1.41499e+08  1.17656e-07
1.55223e+08  1.22112e-07
1.70277e+08  1.26707e-07
1.86791e+08  1.31453e-07
2.04907e+08  1.36356e-07
2.24781e+08  1.41409e-07
2.46581e+08  1.46615e-07
2.70496e+08  1.51981e-07
2.9673e+08  1.57517e-07
3.25509e+08  1.63223e-07
3.57079e+08  1.69108e-07
3.9171e+08  1.75169e-07
4.297e+08  1.8142e-07
4.71375e+08  1.87865e-07
5.17092e+08  1.94504e-07
5.67243e+08  2.01341e-07
6.22257e+08  2.08381e-07
6.82607e+08  2.1563e-07
7.4881e+08  2.2309e-07
8.21434e+08  2.30787e-07
9.01102e+08  2.38709e-07
9.88496e+08  2.46861e-07
1.08437e+09  2.55256e-07
1.18953e+09  2.63893e-07
1.3049e+09  2.7278e-07
1.43146e+09  2.81929e-07
1.57029e+09  2.91342e-07
1.72259e+09  3.01023e-07
1.88965e+09  3.10981e-07
2.07292e+09  3.21224e-07
2.27397e+09  3.3176e-07
2.49451e+09  3.42603e-07
2.73644e+09  3.53751e-07
3.00184e+09  3.65216e-07
3.29297e+09  3.77008e-07
3.61234e+09  3.89124e-07
3.96269e+09  4.01572e-07
4.34701e+09  4.14368e-07
4.76861e+09  4.27525e-07
5.2311e+09  4.41042e-07
5.73844e+09  4.54928e-07
6.29499e+09  4.69195e-07
6.90551e+09  4.83862e-07
7.57525e+09  4.98925e-07
8.30994e+09  5.14398e-07
9.11589e+09  5.30293e-07
1e+10  5.46631e-07
