100  4.45533e-12
109.699  4.85905e-12
120.338  5.30038e-12
132.009  5.78243e-12
144.812  6.30894e-12
158.857  6.88391e-12
174.263  7.51179e-12
191.164  8.19662e-12
209.705  8.94351e-12
230.043  9.73237e-12
252.354  1.05572e-11
276.829  1.14315e-11
303.677  1.24856e-11
333.129  1.36378e-11
365.438  1.48953e-11
400.881  1.62702e-11
439.76  1.77708e-11
482.411  1.94104e-11
529.198  2.12025e-11
580.523  2.31564e-11
636.825  2.52912e-11
698.588  2.76179e-11
766.341  3.01595e-11
840.665  3.29325e-11
922.198  3.59549e-11
1011.64  3.92533e-11
1109.75  4.28462e-11
1217.38  4.67632e-11
1335.45  5.10329e-11
1464.97  5.56833e-11
1607.05  6.07427e-11
1762.91  6.62507e-11
1933.89  7.2246e-11
2121.45  7.87595e-11
2327.2  8.58345e-11
2552.91  9.35239e-11
2800.5  1.01871e-10
3072.11  1.10934e-10
3370.06  1.20764e-10
3696.91  1.31419e-10
4055.46  1.42948e-10
4448.78  1.55412e-10
4880.25  1.68903e-10
5353.57  1.83528e-10
5872.79  1.9944e-10
6442.36  2.16625e-10
7067.18  2.35172e-10
7752.6  2.55161e-10
8504.49  2.7662e-10
9329.3  2.99644e-10
10234.1  3.24358e-10
11226.7  3.50751e-10
12315.5  3.78879e-10
13509.9  4.08889e-10
14820.2  4.40978e-10
16257.6  4.76176e-10
17834.3  5.1362e-10
19564  5.53455e-10
21461.4  5.95924e-10
23542.9  6.41062e-10
25826.2  6.88961e-10
28331  7.3997e-10
31078.7  7.94246e-10
34092.9  8.51821e-10
37399.4  9.12925e-10
41026.6  9.7766e-10
45005.6  1.04603e-09
49370.5  1.1183e-09
54158.7  1.19465e-09
59411.3  1.27512e-09
65173.4  1.35998e-09
71494.3  1.44753e-09
78428.2  1.53145e-09
86034.6  1.60996e-09
94378.8  1.68289e-09
103532  1.75026e-09
113573  1.81834e-09
124588  1.92487e-09
136672  2.03588e-09
149927  2.1518e-09
164468  2.27235e-09
180419  2.39802e-09
197917  2.52875e-09
217112  2.66474e-09
238169  2.8061e-09
261268  2.95287e-09
286607  3.10537e-09
314404  3.2634e-09
344896  3.42766e-09
378346  3.59749e-09
415040  3.77389e-09
455294  3.95627e-09
499451  4.14539e-09
547890  4.34224e-09
601028  4.54612e-09
659319  4.75837e-09
723263  4.97841e-09
793410  5.20299e-09
870359  5.43196e-09
954772  5.66333e-09
1.04737e+06  5.9123e-09
1.14895e+06  6.17031e-09
1.26038e+06  6.43382e-09
1.38262e+06  6.70075e-09
1.51672e+06  6.97945e-09
1.66382e+06  7.26974e-09
1.82518e+06  7.56812e-09
2.0022e+06  7.87498e-09
2.19639e+06  8.19155e-09
2.4094e+06  8.51878e-09
2.64308e+06  8.8558e-09
2.89942e+06  9.20318e-09
3.18063e+06  9.56146e-09
3.4891e+06  9.93112e-09
3.82749e+06  1.03116e-08
4.19871e+06  1.0704e-08
4.60592e+06  1.11088e-08
5.05263e+06  1.15253e-08
5.54266e+06  1.19552e-08
6.08022e+06  1.23977e-08
6.66992e+06  1.28539e-08
7.31681e+06  1.33245e-08
8.02643e+06  1.38089e-08
8.80488e+06  1.43075e-08
9.65883e+06  1.48221e-08
1.05956e+07  1.53524e-08
1.16232e+07  1.58977e-08
1.27505e+07  1.64593e-08
1.39871e+07  1.70376e-08
1.53437e+07  1.76335e-08
1.68318e+07  1.82475e-08
1.84642e+07  1.88799e-08
2.0255e+07  1.95306e-08
2.22195e+07  2.02e-08
2.43744e+07  2.08899e-08
2.67384e+07  2.16004e-08
2.93317e+07  2.23316e-08
3.21764e+07  2.30838e-08
3.52971e+07  2.38589e-08
3.87204e+07  2.4656e-08
4.24757e+07  2.54753e-08
4.65953e+07  2.63184e-08
5.11143e+07  2.71868e-08
5.60717e+07  2.80806e-08
6.15099e+07  2.89998e-08
6.74754e+07  2.99451e-08
7.40196e+07  3.09184e-08
8.11984e+07  3.19189e-08
8.90735e+07  3.29479e-08
9.77124e+07  3.40064e-08
1.07189e+08  3.5094e-08
1.17585e+08  3.62123e-08
1.28989e+08  3.73628e-08
1.41499e+08  3.85454e-08
1.55223e+08  3.97602e-08
1.70277e+08  4.101e-08
1.86791e+08  4.2296e-08
2.04907e+08  4.36182e-08
2.24781e+08  4.49756e-08
2.46581e+08  4.637e-08
2.70496e+08  4.78025e-08
2.9673e+08  4.92744e-08
3.25509e+08  5.07877e-08
3.57079e+08  5.23418e-08
3.9171e+08  5.39388e-08
4.297e+08  5.55791e-08
4.71375e+08  5.72656e-08
5.17092e+08  5.89977e-08
5.67243e+08  6.0776e-08
6.22257e+08  6.26021e-08
6.82607e+08  6.4476e-08
7.4881e+08  6.63992e-08
8.21434e+08  6.83742e-08
9.01102e+08  7.04055e-08
9.88496e+08  7.24894e-08
1.08437e+09  7.46275e-08
1.18953e+09  7.68214e-08
1.3049e+09  7.90755e-08
1.43146e+09  8.13897e-08
1.57029e+09  8.37646e-08
1.72259e+09  8.62016e-08
1.88965e+09  8.87008e-08
2.07292e+09  9.12653e-08
2.27397e+09  9.38968e-08
2.49451e+09  9.65955e-08
2.73644e+09  9.93661e-08
3.00184e+09  1.02208e-07
3.29297e+09  1.05123e-07
3.61234e+09  1.08112e-07
3.96269e+09  1.11177e-07
4.34701e+09  1.14324e-07
4.76861e+09  1.17552e-07
5.2311e+09  1.20863e-07
5.73844e+09  1.24257e-07
6.29499e+09  1.27736e-07
6.90551e+09  1.31302e-07
7.57525e+09  1.34957e-07
8.30994e+09  1.38702e-07
9.11589e+09  1.42543e-07
1e+10  1.46483e-07
