100  3.87588e-13
109.699  4.46126e-13
120.338  5.12298e-13
132.009  5.86932e-13
144.812  6.71233e-13
158.857  7.65717e-13
174.263  8.71866e-13
191.164  9.91025e-13
209.705  1.12459e-12
230.043  1.27423e-12
252.354  1.44203e-12
276.829  1.62932e-12
303.677  1.83883e-12
333.129  2.07262e-12
365.438  2.33297e-12
400.881  2.62353e-12
439.76  2.94675e-12
482.411  3.30733e-12
529.198  3.7057e-12
580.523  4.13055e-12
636.825  4.58366e-12
698.588  5.11448e-12
766.341  5.72367e-12
840.665  6.40037e-12
922.198  7.15253e-12
1011.64  7.98758e-12
1109.75  8.91367e-12
1217.38  9.9401e-12
1335.45  1.10784e-11
1464.97  1.23404e-11
1607.05  1.37388e-11
1762.91  1.52872e-11
1933.89  1.70001e-11
2121.45  1.88953e-11
2327.2  2.09897e-11
2552.91  2.33027e-11
2800.5  2.58546e-11
3072.11  2.867e-11
3370.06  3.17803e-11
3696.91  3.52046e-11
4055.46  3.89803e-11
4448.78  4.31316e-11
4880.25  4.77039e-11
5353.57  5.27371e-11
5872.79  5.82624e-11
6442.36  6.43392e-11
7067.18  7.1012e-11
7752.6  7.8321e-11
8504.49  8.63259e-11
9329.3  9.50765e-11
10234.1  1.0466e-10
11226.7  1.1515e-10
12315.5  1.26616e-10
13509.9  1.39124e-10
14820.2  1.52766e-10
16257.6  1.67605e-10
17834.3  1.8376e-10
19564  2.01332e-10
21461.4  2.20404e-10
23542.9  2.41063e-10
25826.2  2.63497e-10
28331  2.87774e-10
31078.7  3.14015e-10
34092.9  3.42339e-10
37399.4  3.72893e-10
41026.6  4.05805e-10
45005.6  4.41194e-10
49370.5  4.79308e-10
54158.7  5.20187e-10
59411.3  5.63133e-10
65173.4  6.0498e-10
71494.3  6.45653e-10
78428.2  6.83882e-10
86034.6  7.19696e-10
94378.8  7.72364e-10
103532  8.31078e-10
113573  8.93187e-10
124588  9.5906e-10
136672  1.02875e-09
149927  1.10244e-09
164468  1.18027e-09
180419  1.26218e-09
197917  1.34871e-09
217112  1.43965e-09
238169  1.53544e-09
261268  1.63587e-09
286607  1.74168e-09
314404  1.85323e-09
344896  1.97056e-09
378346  2.09387e-09
415040  2.22276e-09
455294  2.35706e-09
499451  2.4963e-09
547890  2.64035e-09
601028  2.7889e-09
659319  2.94648e-09
723263  3.11349e-09
793410  3.2862e-09
870359  3.46442e-09
954772  3.64807e-09
1.04737e+06  3.84074e-09
1.14895e+06  4.04245e-09
1.26038e+06  4.25134e-09
1.38262e+06  4.46798e-09
1.51672e+06  4.69303e-09
1.66382e+06  4.92643e-09
1.82518e+06  5.16905e-09
2.0022e+06  5.42056e-09
2.19639e+06  5.68086e-09
2.4094e+06  5.95138e-09
2.64308e+06  6.23145e-09
2.89942e+06  6.52138e-09
3.18063e+06  6.82186e-09
3.4891e+06  7.13281e-09
3.82749e+06  7.45498e-09
4.19871e+06  7.78796e-09
4.60592e+06  8.13273e-09
5.05263e+06  8.4896e-09
5.54266e+06  8.85903e-09
6.08022e+06  9.24011e-09
6.66992e+06  9.63477e-09
7.31681e+06  1.00427e-08
8.02643e+06  1.04648e-08
8.80488e+06  1.09002e-08
9.65883e+06  1.13506e-08
1.05956e+07  1.18151e-08
1.16232e+07  1.22949e-08
1.27505e+07  1.27911e-08
1.39871e+07  1.33031e-08
1.53437e+07  1.38316e-08
1.68318e+07  1.43771e-08
1.84642e+07  1.49399e-08
2.0255e+07  1.55218e-08
2.22195e+07  1.61215e-08
2.43744e+07  1.67394e-08
2.67384e+07  1.73778e-08
2.93317e+07  1.80365e-08
3.21764e+07  1.87148e-08
3.52971e+07  1.94145e-08
3.87204e+07  2.01355e-08
4.24757e+07  2.0879e-08
4.65953e+07  2.16457e-08
5.11143e+07  2.2436e-08
5.60717e+07  2.32498e-08
6.15099e+07  2.40879e-08
6.74754e+07  2.49528e-08
7.40196e+07  2.58435e-08
8.11984e+07  2.67601e-08
8.90735e+07  2.77047e-08
9.77124e+07  2.86774e-08
1.07189e+08  2.9679e-08
1.17585e+08  3.07095e-08
1.28989e+08  3.177e-08
1.41499e+08  3.28626e-08
1.55223e+08  3.39864e-08
1.70277e+08  3.51439e-08
1.86791e+08  3.63358e-08
2.04907e+08  3.75625e-08
2.24781e+08  3.88235e-08
2.46581e+08  4.01202e-08
2.70496e+08  4.14532e-08
2.9673e+08  4.28247e-08
3.25509e+08  4.42369e-08
3.57079e+08  4.56886e-08
3.9171e+08  4.71805e-08
4.297e+08  4.87148e-08
4.71375e+08  5.02927e-08
5.17092e+08  5.19156e-08
5.67243e+08  5.3584e-08
6.22257e+08  5.52982e-08
6.82607e+08  5.70581e-08
7.4881e+08  5.8866e-08
8.21434e+08  6.07266e-08
9.01102e+08  6.26371e-08
9.88496e+08  6.46005e-08
1.08437e+09  6.66169e-08
1.18953e+09  6.86902e-08
1.3049e+09  7.08195e-08
1.43146e+09  7.30061e-08
1.57029e+09  7.52511e-08
1.72259e+09  7.75558e-08
1.88965e+09  7.99227e-08
2.07292e+09  8.23521e-08
2.27397e+09  8.48485e-08
2.49451e+09  8.74116e-08
2.73644e+09  9.00411e-08
3.00184e+09  9.27392e-08
3.29297e+09  9.55106e-08
3.61234e+09  9.83558e-08
3.96269e+09  1.01277e-07
4.34701e+09  1.04274e-07
4.76861e+09  1.07349e-07
5.2311e+09  1.10502e-07
5.73844e+09  1.13736e-07
6.29499e+09  1.17053e-07
6.90551e+09  1.20455e-07
7.57525e+09  1.23949e-07
8.30994e+09  1.27533e-07
9.11589e+09  1.31208e-07
1e+10  1.34976e-07
