100  1.15671e-11
109.699  1.27978e-11
120.338  1.41622e-11
132.009  1.55858e-11
144.812  1.71128e-11
158.857  1.88464e-11
174.263  2.08801e-11
191.164  2.30557e-11
209.705  2.53388e-11
230.043  2.78177e-11
252.354  3.05559e-11
276.829  3.35594e-11
303.677  3.69329e-11
333.129  4.10155e-11
365.438  4.52136e-11
400.881  4.96819e-11
439.76  5.45465e-11
482.411  5.98855e-11
529.198  6.57158e-11
580.523  7.20973e-11
636.825  7.91133e-11
698.588  8.67722e-11
766.341  9.53144e-11
840.665  1.04652e-10
922.198  1.14875e-10
1011.64  1.2607e-10
1109.75  1.38299e-10
1217.38  1.5163e-10
1335.45  1.66127e-10
1464.97  1.83434e-10
1607.05  2.02535e-10
1762.91  2.21447e-10
1933.89  2.4189e-10
2121.45  2.63966e-10
2327.2  2.87869e-10
2552.91  3.13972e-10
2800.5  3.42812e-10
3072.11  3.74143e-10
3370.06  4.07949e-10
3696.91  4.44283e-10
4055.46  4.83692e-10
4448.78  5.26125e-10
4880.25  5.71529e-10
5353.57  6.20809e-10
5872.79  6.7378e-10
6442.36  7.30722e-10
7067.18  7.92131e-10
7752.6  8.57571e-10
8504.49  9.28049e-10
9329.3  1.0028e-09
10234.1  1.08333e-09
11226.7  1.16884e-09
12315.5  1.25998e-09
13509.9  1.35722e-09
14820.2  1.46001e-09
16257.6  1.56964e-09
17834.3  1.68417e-09
19564  1.71425e-09
21461.4  1.73674e-09
23542.9  1.81449e-09
25826.2  1.93592e-09
28331  2.06305e-09
31078.7  2.19605e-09
34092.9  2.33499e-09
37399.4  2.48084e-09
41026.6  2.63365e-09
45005.6  2.79303e-09
49370.5  2.95914e-09
54158.7  3.13217e-09
59411.3  3.31222e-09
65173.4  3.49962e-09
71494.3  3.69427e-09
78428.2  3.89675e-09
86034.6  4.10716e-09
94378.8  4.32593e-09
103532  4.55439e-09
113573  4.7927e-09
124588  5.04124e-09
136672  5.29713e-09
149927  5.55905e-09
164468  5.82463e-09
180419  6.09455e-09
197917  6.39049e-09
217112  6.69167e-09
238169  6.99672e-09
261268  7.31218e-09
286607  7.642e-09
314404  7.98233e-09
344896  8.33221e-09
378346  8.69282e-09
415040  9.06486e-09
455294  9.44961e-09
499451  9.84789e-09
547890  1.02584e-08
601028  1.06809e-08
659319  1.11163e-08
723263  1.15636e-08
793410  1.20254e-08
870359  1.25041e-08
954772  1.29969e-08
1.04737e+06  1.35045e-08
1.14895e+06  1.40253e-08
1.26038e+06  1.45616e-08
1.38262e+06  1.51178e-08
1.51672e+06  1.56909e-08
1.66382e+06  1.6281e-08
1.82518e+06  1.68859e-08
2.0022e+06  1.75076e-08
2.19639e+06  1.81528e-08
2.4094e+06  1.88167e-08
2.64308e+06  1.94991e-08
2.89942e+06  2.01979e-08
3.18063e+06  2.09205e-08
3.4891e+06  2.1669e-08
3.82749e+06  2.24358e-08
4.19871e+06  2.32228e-08
4.60592e+06  2.40313e-08
5.05263e+06  2.48704e-08
5.54266e+06  2.5733e-08
6.08022e+06  2.66157e-08
6.66992e+06  2.75212e-08
7.31681e+06  2.84608e-08
8.02643e+06  2.94264e-08
8.80488e+06  3.0416e-08
9.65883e+06  3.14301e-08
1.05956e+07  3.24815e-08
1.16232e+07  3.35641e-08
1.27505e+07  3.4671e-08
1.39871e+07  3.58122e-08
1.53437e+07  3.69811e-08
1.68318e+07  3.81919e-08
1.84642e+07  3.94374e-08
2.0255e+07  4.0713e-08
2.22195e+07  4.20268e-08
2.43744e+07  4.3371e-08
2.67384e+07  4.47631e-08
2.93317e+07  4.6197e-08
3.21764e+07  4.76642e-08
3.52971e+07  4.91723e-08
3.87204e+07  5.07169e-08
4.24757e+07  5.23178e-08
4.65953e+07  5.39606e-08
5.11143e+07  5.56413e-08
5.60717e+07  5.73689e-08
6.15099e+07  5.91442e-08
6.74754e+07  6.09758e-08
7.40196e+07  6.28563e-08
8.11984e+07  6.47774e-08
8.90735e+07  6.67524e-08
9.77124e+07  6.87949e-08
1.07189e+08  7.08868e-08
1.17585e+08  7.30336e-08
1.28989e+08  7.5225e-08
1.41499e+08  7.749e-08
1.55223e+08  7.98218e-08
1.70277e+08  8.22019e-08
1.86791e+08  8.46476e-08
2.04907e+08  8.7151e-08
2.24781e+08  8.97377e-08
2.46581e+08  9.23944e-08
2.70496e+08  9.51014e-08
2.9673e+08  9.78839e-08
3.25509e+08  1.00759e-07
3.57079e+08  1.03694e-07
3.9171e+08  1.06711e-07
4.297e+08  1.09787e-07
4.71375e+08  1.12963e-07
5.17092e+08  1.16229e-07
5.67243e+08  1.19557e-07
6.22257e+08  1.2297e-07
6.82607e+08  1.2649e-07
7.4881e+08  1.30095e-07
8.21434e+08  1.33793e-07
9.01102e+08  1.37562e-07
9.88496e+08  1.4145e-07
1.08437e+09  1.45451e-07
1.18953e+09  1.49526e-07
1.3049e+09  1.53696e-07
1.43146e+09  1.57999e-07
1.57029e+09  1.62403e-07
1.72259e+09  1.66912e-07
1.88965e+09  1.7151e-07
2.07292e+09  1.76256e-07
2.27397e+09  1.81129e-07
2.49451e+09  1.861e-07
2.73644e+09  1.91175e-07
3.00184e+09  1.96423e-07
3.29297e+09  2.01796e-07
3.61234e+09  2.07269e-07
3.96269e+09  2.12518e-07
4.34701e+09  2.17379e-07
4.76861e+09  2.21818e-07
5.2311e+09  2.25848e-07
5.73844e+09  2.29475e-07
6.29499e+09  2.32695e-07
6.90551e+09  2.3554e-07
7.57525e+09  2.38027e-07
8.30994e+09  2.40199e-07
9.11589e+09  2.42187e-07
1e+10  2.43869e-07
