100  3.11717e-14
109.699  4.30689e-14
120.338  5.86488e-14
132.009  7.87488e-14
144.812  1.04508e-13
158.857  1.37397e-13
174.263  1.78238e-13
191.164  2.29154e-13
209.705  2.91852e-13
230.043  3.68837e-13
252.354  4.62194e-13
276.829  5.74806e-13
303.677  7.10511e-13
333.129  8.72368e-13
365.438  1.06376e-12
400.881  1.29e-12
439.76  1.55665e-12
482.411  1.86935e-12
529.198  2.23228e-12
580.523  2.66199e-12
636.825  3.16081e-12
698.588  3.73659e-12
766.341  4.39707e-12
840.665  5.15559e-12
922.198  6.02636e-12
1011.64  7.01926e-12
1109.75  8.15249e-12
1217.38  9.43503e-12
1335.45  1.08982e-11
1464.97  1.25544e-11
1607.05  1.44342e-11
1762.91  1.65755e-11
1933.89  1.89948e-11
2121.45  2.17188e-11
2327.2  2.47798e-11
2552.91  2.82163e-11
2800.5  3.20771e-11
3072.11  3.64081e-11
3370.06  4.12683e-11
3696.91  4.67071e-11
4055.46  5.27833e-11
4448.78  5.95526e-11
4880.25  6.71076e-11
5353.57  7.55317e-11
5872.79  8.4904e-11
6442.36  9.53207e-11
7067.18  1.0691e-10
7752.6  1.19765e-10
8504.49  1.33962e-10
9329.3  1.49702e-10
10234.1  1.67103e-10
11226.7  1.86266e-10
12315.5  2.07432e-10
13509.9  2.3084e-10
14820.2  2.56549e-10
16257.6  2.84812e-10
17834.3  3.15817e-10
19564  3.49816e-10
21461.4  3.87041e-10
23542.9  4.27836e-10
25826.2  4.725e-10
28331  5.21135e-10
31078.7  5.74132e-10
34092.9  6.31896e-10
37399.4  6.9466e-10
41026.6  7.62854e-10
45005.6  8.36892e-10
49370.5  9.17084e-10
54158.7  1.00377e-09
59411.3  1.09733e-09
65173.4  1.19823e-09
71494.3  1.30736e-09
78428.2  1.42456e-09
86034.6  1.55055e-09
94378.8  1.68582e-09
103532  1.83086e-09
113573  1.98628e-09
124588  2.15245e-09
136672  2.33001e-09
149927  2.51951e-09
164468  2.7215e-09
180419  2.93684e-09
197917  3.16522e-09
217112  3.40873e-09
238169  3.66665e-09
261268  3.94039e-09
286607  4.23006e-09
314404  4.53699e-09
344896  4.86379e-09
378346  5.213e-09
415040  5.58092e-09
455294  5.96949e-09
499451  6.3761e-09
547890  6.80099e-09
601028  7.24525e-09
659319  7.70664e-09
723263  8.19391e-09
793410  8.71918e-09
870359  9.26603e-09
954772  9.83463e-09
1.04737e+06  1.0425e-08
1.14895e+06  1.10472e-08
1.26038e+06  1.17028e-08
1.38262e+06  1.23869e-08
1.51672e+06  1.31022e-08
1.66382e+06  1.38485e-08
1.82518e+06  1.46289e-08
2.0022e+06  1.54437e-08
2.19639e+06  1.62932e-08
2.4094e+06  1.71814e-08
2.64308e+06  1.81055e-08
2.89942e+06  1.90688e-08
3.18063e+06  2.00745e-08
3.4891e+06  2.11196e-08
3.82749e+06  2.22074e-08
4.19871e+06  2.33409e-08
4.60592e+06  2.45203e-08
5.05263e+06  2.57456e-08
5.54266e+06  2.70212e-08
6.08022e+06  2.83463e-08
6.66992e+06  2.97244e-08
7.31681e+06  3.11552e-08
8.02643e+06  3.26417e-08
8.80488e+06  3.41836e-08
9.65883e+06  3.57892e-08
1.05956e+07  3.74508e-08
1.16232e+07  3.91745e-08
1.27505e+07  4.09633e-08
1.39871e+07  4.28185e-08
1.53437e+07  4.47412e-08
1.68318e+07  4.67337e-08
1.84642e+07  4.88024e-08
2.0255e+07  5.0943e-08
2.22195e+07  5.31581e-08
2.43744e+07  5.54564e-08
2.67384e+07  5.78343e-08
2.93317e+07  6.02987e-08
3.21764e+07  6.28457e-08
3.52971e+07  6.54828e-08
3.87204e+07  6.82097e-08
4.24757e+07  7.10314e-08
4.65953e+07  7.39476e-08
5.11143e+07  7.69681e-08
5.60717e+07  8.00901e-08
6.15099e+07  8.33145e-08
6.74754e+07  8.6644e-08
7.40196e+07  9.00887e-08
8.11984e+07  9.36507e-08
8.90735e+07  9.73286e-08
9.77124e+07  1.0113e-07
1.07189e+08  1.05052e-07
1.17585e+08  1.09103e-07
1.28989e+08  1.1328e-07
1.41499e+08  1.17591e-07
1.55223e+08  1.22044e-07
1.70277e+08  1.26636e-07
1.86791e+08  1.31381e-07
2.04907e+08  1.36281e-07
2.24781e+08  1.41331e-07
2.46581e+08  1.46534e-07
2.70496e+08  1.51897e-07
2.9673e+08  1.5743e-07
3.25509e+08  1.63137e-07
3.57079e+08  1.69019e-07
3.9171e+08  1.75076e-07
4.297e+08  1.81326e-07
4.71375e+08  1.87766e-07
5.17092e+08  1.94403e-07
5.67243e+08  2.01236e-07
6.22257e+08  2.08272e-07
6.82607e+08  2.15516e-07
7.4881e+08  2.22978e-07
8.21434e+08  2.30671e-07
9.01102e+08  2.38588e-07
9.88496e+08  2.46735e-07
1.08437e+09  2.55129e-07
1.18953e+09  2.63762e-07
1.3049e+09  2.72645e-07
1.43146e+09  2.81789e-07
1.57029e+09  2.91196e-07
1.72259e+09  3.00872e-07
1.88965e+09  3.10825e-07
2.07292e+09  3.21071e-07
2.27397e+09  3.31601e-07
2.49451e+09  3.42439e-07
2.73644e+09  3.53582e-07
3.00184e+09  3.65044e-07
3.29297e+09  3.76831e-07
3.61234e+09  3.8894e-07
3.96269e+09  4.01382e-07
4.34701e+09  4.14171e-07
4.76861e+09  4.27321e-07
5.2311e+09  4.40833e-07
5.73844e+09  4.54712e-07
6.29499e+09  4.68981e-07
6.90551e+09  4.83643e-07
7.57525e+09  4.98698e-07
8.30994e+09  5.14162e-07
9.11589e+09  5.30051e-07
1e+10  5.46385e-07
