100  2.25407e-10
109.699  2.48026e-10
120.338  2.74879e-10
132.009  3.02825e-10
144.812  3.32505e-10
158.857  3.64782e-10
174.263  4.03903e-10
191.164  4.46318e-10
209.705  4.90624e-10
230.043  5.38496e-10
252.354  5.91224e-10
276.829  6.48881e-10
303.677  7.11965e-10
333.129  7.8832e-10
365.438  8.71605e-10
400.881  9.57553e-10
439.76  1.05114e-09
482.411  1.15337e-09
529.198  1.26497e-09
580.523  1.38747e-09
636.825  1.52182e-09
698.588  1.66837e-09
766.341  1.83195e-09
840.665  2.01046e-09
922.198  2.20551e-09
1011.64  2.41916e-09
1109.75  2.6526e-09
1217.38  2.90707e-09
1335.45  3.1837e-09
1464.97  3.5126e-09
1607.05  3.8754e-09
1762.91  4.23603e-09
1933.89  4.6255e-09
2121.45  5.04665e-09
2327.2  5.50219e-09
2552.91  6.0023e-09
2800.5  6.55179e-09
3072.11  7.1483e-09
3370.06  7.79207e-09
3696.91  8.48382e-09
4055.46  9.23416e-09
4448.78  1.00419e-08
4880.25  1.09068e-08
5353.57  1.18447e-08
5872.79  1.28524e-08
6442.36  1.3936e-08
7067.18  1.51036e-08
7752.6  1.63487e-08
8504.49  1.76888e-08
9329.3  1.91104e-08
10234.1  2.06415e-08
11226.7  2.22665e-08
12315.5  2.39997e-08
13509.9  2.58477e-08
14820.2  2.78007e-08
16257.6  2.98851e-08
17834.3  3.20595e-08
19564  3.26518e-08
21461.4  3.30868e-08
23542.9  3.46181e-08
25826.2  3.69269e-08
28331  3.93418e-08
31078.7  4.18683e-08
34092.9  4.45094e-08
37399.4  4.72861e-08
41026.6  5.0188e-08
45005.6  5.32146e-08
49370.5  5.63685e-08
54158.7  5.9654e-08
59411.3  6.30723e-08
65173.4  6.66301e-08
71494.3  7.03288e-08
78428.2  7.41758e-08
86034.6  7.81715e-08
94378.8  8.23223e-08
103532  8.66529e-08
113573  9.11761e-08
124588  9.58938e-08
136672  1.00755e-07
149927  1.05734e-07
164468  1.10776e-07
180419  1.15901e-07
197917  1.21506e-07
217112  1.27222e-07
238169  1.33022e-07
261268  1.39001e-07
286607  1.45263e-07
314404  1.51723e-07
344896  1.58366e-07
378346  1.65212e-07
415040  1.72276e-07
455294  1.79569e-07
499451  1.87126e-07
547890  1.94921e-07
601028  2.02943e-07
659319  2.1121e-07
723263  2.19703e-07
793410  2.28461e-07
870359  2.37545e-07
954772  2.46903e-07
1.04737e+06  2.56541e-07
1.14895e+06  2.66432e-07
1.26038e+06  2.76612e-07
1.38262e+06  2.87163e-07
1.51672e+06  2.98045e-07
1.66382e+06  3.09251e-07
1.82518e+06  3.2074e-07
2.0022e+06  3.32541e-07
2.19639e+06  3.44779e-07
2.4094e+06  3.57391e-07
2.64308e+06  3.70349e-07
2.89942e+06  3.83625e-07
3.18063e+06  3.97331e-07
3.4891e+06  4.11542e-07
3.82749e+06  4.26108e-07
4.19871e+06  4.41056e-07
4.60592e+06  4.56404e-07
5.05263e+06  4.72329e-07
5.54266e+06  4.88711e-07
6.08022e+06  5.05482e-07
6.66992e+06  5.22674e-07
7.31681e+06  5.405e-07
8.02643e+06  5.58846e-07
8.80488e+06  5.77642e-07
9.65883e+06  5.96897e-07
1.05956e+07  6.16851e-07
1.16232e+07  6.37414e-07
1.27505e+07  6.58443e-07
1.39871e+07  6.80116e-07
1.53437e+07  7.0231e-07
1.68318e+07  7.25285e-07
1.84642e+07  7.4895e-07
2.0255e+07  7.73174e-07
2.22195e+07  7.9813e-07
2.43744e+07  8.23654e-07
2.67384e+07  8.50075e-07
2.93317e+07  8.77314e-07
3.21764e+07  9.05175e-07
3.52971e+07  9.33832e-07
3.87204e+07  9.63156e-07
4.24757e+07  9.93539e-07
4.65953e+07  1.02476e-06
5.11143e+07  1.05667e-06
5.60717e+07  1.08949e-06
6.15099e+07  1.12319e-06
6.74754e+07  1.15797e-06
7.40196e+07  1.19369e-06
8.11984e+07  1.23017e-06
8.90735e+07  1.2677e-06
9.77124e+07  1.30646e-06
1.07189e+08  1.34619e-06
1.17585e+08  1.38698e-06
1.28989e+08  1.4286e-06
1.41499e+08  1.47157e-06
1.55223e+08  1.51589e-06
1.70277e+08  1.56109e-06
1.86791e+08  1.60755e-06
2.04907e+08  1.65507e-06
2.24781e+08  1.70419e-06
2.46581e+08  1.75465e-06
2.70496e+08  1.8061e-06
2.9673e+08  1.85893e-06
3.25509e+08  1.9135e-06
3.57079e+08  1.96927e-06
3.9171e+08  2.02657e-06
4.297e+08  2.08499e-06
4.71375e+08  2.14525e-06
5.17092e+08  2.20733e-06
5.67243e+08  2.27054e-06
6.22257e+08  2.33536e-06
6.82607e+08  2.40218e-06
7.4881e+08  2.47067e-06
8.21434e+08  2.54089e-06
9.01102e+08  2.61249e-06
9.88496e+08  2.68628e-06
1.08437e+09  2.76229e-06
1.18953e+09  2.83973e-06
1.3049e+09  2.91893e-06
1.43146e+09  3.00057e-06
1.57029e+09  3.08428e-06
1.72259e+09  3.1699e-06
1.88965e+09  3.25727e-06
2.07292e+09  3.34735e-06
2.27397e+09  3.4399e-06
2.49451e+09  3.53435e-06
2.73644e+09  3.63071e-06
3.00184e+09  3.73034e-06
3.29297e+09  3.8324e-06
3.61234e+09  3.93635e-06
3.96269e+09  4.03625e-06
4.34701e+09  4.12875e-06
4.76861e+09  4.21316e-06
5.2311e+09  4.28983e-06
5.73844e+09  4.35887e-06
6.29499e+09  4.42017e-06
6.90551e+09  4.47429e-06
7.57525e+09  4.52163e-06
8.30994e+09  4.56294e-06
9.11589e+09  4.60075e-06
1e+10  4.63281e-06
