100  3.70736e-10
109.699  4.06969e-10
120.338  4.51335e-10
132.009  4.96018e-10
144.812  5.46723e-10
158.857  1.10661e-08
174.263  6.13257e-09
191.164  7.28483e-10
209.705  8.02774e-10
230.043  8.87816e-10
252.354  9.76308e-10
276.829  1.06848e-09
303.677  1.16977e-09
333.129  1.2804e-09
365.438  1.40922e-09
400.881  1.55714e-09
439.76  1.71173e-09
482.411  1.87454e-09
529.198  2.05031e-09
580.523  2.24179e-09
636.825  2.45048e-09
698.588  2.67806e-09
766.341  2.92595e-09
840.665  3.19649e-09
922.198  3.49073e-09
1011.64  3.81021e-09
1109.75  4.15679e-09
1217.38  4.5359e-09
1335.45  4.97269e-09
1464.97  5.47483e-09
1607.05  5.99025e-09
1762.91  6.5313e-09
1933.89  7.10929e-09
2121.45  7.73452e-09
2327.2  8.41341e-09
2552.91  9.14373e-09
2800.5  9.92913e-09
3072.11  1.07818e-08
3370.06  1.16952e-08
3696.91  1.26791e-08
4055.46  1.37381e-08
4448.78  1.48669e-08
4880.25  1.60852e-08
5353.57  1.73828e-08
5872.79  1.87815e-08
6442.36  2.0265e-08
7067.18  2.18502e-08
7752.6  2.3535e-08
8504.49  2.53367e-08
9329.3  2.72381e-08
10234.1  2.92736e-08
11226.7  3.14124e-08
12315.5  3.36889e-08
13509.9  3.6097e-08
14820.2  3.86234e-08
16257.6  4.13087e-08
17834.3  4.40192e-08
19564  4.46484e-08
21461.4  4.69067e-08
23542.9  4.98034e-08
25826.2  5.28105e-08
28331  5.59421e-08
31078.7  5.92167e-08
34092.9  6.26104e-08
37399.4  6.61239e-08
41026.6  6.97606e-08
45005.6  7.35241e-08
49370.5  7.743e-08
54158.7  8.14764e-08
59411.3  8.56543e-08
65173.4  8.99682e-08
71494.3  9.44182e-08
78428.2  9.90083e-08
86034.6  1.03741e-07
94378.8  1.08616e-07
103532  1.13646e-07
113573  1.18842e-07
124588  1.24221e-07
136672  1.29781e-07
149927  1.35557e-07
164468  1.41443e-07
180419  1.47331e-07
197917  1.53279e-07
217112  1.59768e-07
238169  1.66367e-07
261268  1.73005e-07
286607  1.7984e-07
314404  1.86975e-07
344896  1.94295e-07
378346  2.0179e-07
415040  2.09499e-07
455294  2.17485e-07
499451  2.25702e-07
547890  2.34127e-07
601028  2.42786e-07
659319  2.51673e-07
723263  2.60853e-07
793410  2.70341e-07
870359  2.80061e-07
954772  2.90043e-07
1.04737e+06  3.00289e-07
1.14895e+06  3.109e-07
1.26038e+06  3.21844e-07
1.38262e+06  3.33047e-07
1.51672e+06  3.4454e-07
1.66382e+06  3.564e-07
1.82518e+06  3.68678e-07
2.0022e+06  3.81264e-07
2.19639e+06  3.94133e-07
2.4094e+06  4.07376e-07
2.64308e+06  4.21124e-07
2.89942e+06  4.35219e-07
3.18063e+06  4.49665e-07
3.4891e+06  4.64486e-07
3.82749e+06  4.79864e-07
4.19871e+06  4.95668e-07
4.60592e+06  5.11829e-07
5.05263e+06  5.28404e-07
5.54266e+06  5.45614e-07
6.08022e+06  5.63272e-07
6.66992e+06  5.81335e-07
7.31681e+06  5.99859e-07
8.02643e+06  6.19066e-07
8.80488e+06  6.38791e-07
9.65883e+06  6.59071e-07
1.05956e+07  6.79856e-07
1.16232e+07  7.01215e-07
1.27505e+07  7.23321e-07
1.39871e+07  7.45984e-07
1.53437e+07  7.69326e-07
1.68318e+07  7.93189e-07
1.84642e+07  8.17718e-07
2.0255e+07  8.43105e-07
2.22195e+07  8.69111e-07
2.43744e+07  8.95885e-07
2.67384e+07  9.23219e-07
2.93317e+07  9.51398e-07
3.21764e+07  9.80565e-07
3.52971e+07  1.01034e-06
3.87204e+07  1.04097e-06
4.24757e+07  1.07226e-06
4.65953e+07  1.10463e-06
5.11143e+07  1.13794e-06
5.60717e+07  1.17194e-06
6.15099e+07  1.20691e-06
6.74754e+07  1.24278e-06
7.40196e+07  1.27975e-06
8.11984e+07  1.31778e-06
8.90735e+07  1.35655e-06
9.77124e+07  1.3964e-06
1.07189e+08  1.43764e-06
1.17585e+08  1.47972e-06
1.28989e+08  1.52299e-06
1.41499e+08  1.56714e-06
1.55223e+08  1.61273e-06
1.70277e+08  1.65966e-06
1.86791e+08  1.7075e-06
2.04907e+08  1.75658e-06
2.24781e+08  1.8071e-06
2.46581e+08  1.85901e-06
2.70496e+08  1.91228e-06
2.9673e+08  1.9666e-06
3.25509e+08  2.02247e-06
3.57079e+08  2.08018e-06
3.9171e+08  2.139e-06
4.297e+08  2.19922e-06
4.71375e+08  2.2611e-06
5.17092e+08  2.32474e-06
5.67243e+08  2.38993e-06
6.22257e+08  2.45647e-06
6.82607e+08  2.5248e-06
7.4881e+08  2.59535e-06
8.21434e+08  2.66738e-06
9.01102e+08  2.74091e-06
9.88496e+08  2.81651e-06
1.08437e+09  2.8944e-06
1.18953e+09  2.97389e-06
1.3049e+09  3.05512e-06
1.43146e+09  3.13856e-06
1.57029e+09  3.22443e-06
1.72259e+09  3.31215e-06
1.88965e+09  3.40152e-06
2.07292e+09  3.49377e-06
2.27397e+09  3.58848e-06
2.49451e+09  3.68496e-06
2.73644e+09  3.78379e-06
3.00184e+09  3.88556e-06
3.29297e+09  3.98968e-06
3.61234e+09  4.09631e-06
3.96269e+09  4.19848e-06
4.34701e+09  4.29273e-06
4.76861e+09  4.37892e-06
5.2311e+09  4.457e-06
5.73844e+09  4.52698e-06
6.29499e+09  4.58938e-06
6.90551e+09  4.64422e-06
7.57525e+09  4.69243e-06
8.30994e+09  4.73405e-06
9.11589e+09  4.7724e-06
1e+10  4.80475e-06
