100  1.88854e-10
109.699  2.04838e-10
120.338  2.22178e-10
132.009  2.4147e-10
144.812  2.62439e-10
158.857  2.8523e-10
174.263  3.1003e-10
191.164  3.3706e-10
209.705  3.66436e-10
230.043  3.98365e-10
252.354  4.33081e-10
276.829  4.70799e-10
303.677  5.11771e-10
333.129  5.56436e-10
365.438  6.04946e-10
400.881  6.5762e-10
439.76  7.148e-10
482.411  7.76883e-10
529.198  8.44242e-10
580.523  9.17461e-10
636.825  9.96947e-10
698.588  1.0831e-09
766.341  1.17642e-09
840.665  1.27778e-09
922.198  1.38755e-09
1011.64  1.50643e-09
1109.75  1.63494e-09
1217.38  1.77375e-09
1335.45  1.92391e-09
1464.97  2.08614e-09
1607.05  2.26096e-09
1762.91  2.44919e-09
1933.89  2.65192e-09
2121.45  2.87033e-09
2327.2  3.10499e-09
2552.91  3.35637e-09
2800.5  3.62655e-09
3072.11  3.916e-09
3370.06  4.22484e-09
3696.91  4.55383e-09
4055.46  4.90578e-09
4448.78  5.27952e-09
4880.25  5.67604e-09
5353.57  6.09639e-09
5872.79  6.54161e-09
6442.36  7.01206e-09
7067.18  7.50809e-09
7752.6  8.02846e-09
8504.49  8.57607e-09
9329.3  9.14771e-09
10234.1  9.7454e-09
11226.7  1.03683e-08
12315.5  1.10173e-08
13509.9  1.16882e-08
14820.2  1.23836e-08
16257.6  1.30986e-08
17834.3  1.38352e-08
19564  1.45906e-08
21461.4  1.53645e-08
23542.9  1.61529e-08
25826.2  1.69547e-08
28331  1.77692e-08
31078.7  1.85959e-08
34092.9  1.94291e-08
37399.4  2.02698e-08
41026.6  2.11122e-08
45005.6  2.19573e-08
49370.5  2.28015e-08
54158.7  2.36411e-08
59411.3  2.44718e-08
65173.4  2.5299e-08
71494.3  2.61192e-08
78428.2  2.69269e-08
86034.6  2.77205e-08
94378.8  2.85016e-08
103532  2.92668e-08
113573  3.00146e-08
124588  3.07388e-08
136672  3.14442e-08
149927  3.21322e-08
164468  3.27946e-08
180419  3.34328e-08
197917  3.40509e-08
217112  3.46478e-08
238169  3.52196e-08
261268  3.57644e-08
286607  3.62876e-08
314404  3.67872e-08
344896  3.72594e-08
378346  3.77107e-08
415040  3.81352e-08
455294  3.85386e-08
499451  3.89219e-08
547890  3.92822e-08
601028  3.96213e-08
659319  3.99406e-08
723263  4.02387e-08
793410  4.052e-08
870359  4.07835e-08
954772  4.10301e-08
1.04737e+06  4.12574e-08
1.14895e+06  4.14715e-08
1.26038e+06  4.16695e-08
1.38262e+06  4.18507e-08
1.51672e+06  4.20206e-08
1.66382e+06  4.21791e-08
1.82518e+06  4.2324e-08
2.0022e+06  4.24596e-08
2.19639e+06  4.25856e-08
2.4094e+06  4.27012e-08
2.64308e+06  4.28075e-08
2.89942e+06  4.29064e-08
3.18063e+06  4.29966e-08
3.4891e+06  4.30797e-08
3.82749e+06  4.31565e-08
4.19871e+06  4.32267e-08
4.60592e+06  4.32907e-08
5.05263e+06  4.33492e-08
5.54266e+06  4.34026e-08
6.08022e+06  4.34514e-08
6.66992e+06  4.3497e-08
7.31681e+06  4.35386e-08
8.02643e+06  4.35765e-08
8.80488e+06  4.36112e-08
9.65883e+06  4.36428e-08
1.05956e+07  4.36717e-08
1.16232e+07  4.36984e-08
1.27505e+07  4.37228e-08
1.39871e+07  4.37451e-08
1.53437e+07  4.37654e-08
1.68318e+07  4.37839e-08
1.84642e+07  4.38008e-08
2.0255e+07  4.38162e-08
2.22195e+07  4.38302e-08
2.43744e+07  4.3843e-08
2.67384e+07  4.38547e-08
2.93317e+07  4.38653e-08
3.21764e+07  4.3875e-08
3.52971e+07  4.38839e-08
3.87204e+07  4.38919e-08
4.24757e+07  4.38993e-08
4.65953e+07  4.39059e-08
5.11143e+07  4.3912e-08
5.60717e+07  4.39176e-08
6.15099e+07  4.39226e-08
6.74754e+07  4.39272e-08
7.40196e+07  4.39314e-08
8.11984e+07  4.39352e-08
8.90735e+07  4.39386e-08
9.77124e+07  4.39418e-08
1.07189e+08  4.39446e-08
1.17585e+08  4.39472e-08
1.28989e+08  4.39495e-08
1.41499e+08  4.39517e-08
1.55223e+08  4.39538e-08
1.70277e+08  4.39557e-08
1.86791e+08  4.39575e-08
2.04907e+08  4.39591e-08
2.24781e+08  4.39606e-08
2.46581e+08  4.3962e-08
2.70496e+08  4.39632e-08
2.9673e+08  4.39643e-08
3.25509e+08  4.39654e-08
3.57079e+08  4.39663e-08
3.9171e+08  4.39672e-08
4.297e+08  4.3968e-08
4.71375e+08  4.39687e-08
5.17092e+08  4.39694e-08
5.67243e+08  4.397e-08
6.22257e+08  4.39706e-08
6.82607e+08  4.39711e-08
7.4881e+08  4.39715e-08
8.21434e+08  4.39719e-08
9.01102e+08  4.39723e-08
9.88496e+08  4.39727e-08
1.08437e+09  4.3973e-08
1.18953e+09  4.39733e-08
1.3049e+09  4.39735e-08
1.43146e+09  4.39738e-08
1.57029e+09  4.3974e-08
1.72259e+09  4.39741e-08
1.88965e+09  4.39743e-08
2.07292e+09  4.39744e-08
2.27397e+09  4.39746e-08
2.49451e+09  4.39747e-08
2.73644e+09  4.39748e-08
3.00184e+09  4.39749e-08
3.29297e+09  4.39749e-08
3.61234e+09  4.3975e-08
3.96269e+09  4.3975e-08
4.34701e+09  4.3975e-08
4.76861e+09  4.3975e-08
5.2311e+09  4.39751e-08
5.73844e+09  4.3975e-08
6.29499e+09  4.3975e-08
6.90551e+09  4.3975e-08
7.57525e+09  4.3975e-08
8.30994e+09  4.39749e-08
9.11589e+09  4.39749e-08
1e+10  4.39748e-08
