100  1.53723e-11
109.699  1.67837e-11
120.338  1.83269e-11
132.009  2.0012e-11
144.812  2.18546e-11
158.857  2.38677e-11
174.263  2.60036e-11
191.164  2.82442e-11
209.705  3.08072e-11
230.043  3.36485e-11
252.354  3.67553e-11
276.829  4.01466e-11
303.677  4.38538e-11
333.129  4.79034e-11
365.438  5.23268e-11
400.881  5.71533e-11
439.76  6.24281e-11
482.411  6.81804e-11
529.198  7.44662e-11
580.523  8.13201e-11
636.825  8.88059e-11
698.588  9.69678e-11
766.341  1.05877e-10
840.665  1.15586e-10
922.198  1.26181e-10
1011.64  1.37722e-10
1109.75  1.50305e-10
1217.38  1.64009e-10
1335.45  1.78932e-10
1464.97  1.95179e-10
1607.05  2.12856e-10
1762.91  2.32089e-10
1933.89  2.52991e-10
2121.45  2.75695e-10
2327.2  3.00366e-10
2552.91  3.27157e-10
2800.5  3.56226e-10
3072.11  3.87768e-10
3370.06  4.21928e-10
3696.91  4.589e-10
4055.46  4.98935e-10
4448.78  5.42309e-10
4880.25  5.89307e-10
5353.57  6.40097e-10
5872.79  6.94898e-10
6442.36  7.5386e-10
7067.18  8.17328e-10
7752.6  8.85668e-10
8504.49  9.59128e-10
9329.3  1.03807e-09
10234.1  1.12283e-09
11226.7  1.21361e-09
12315.5  1.3106e-09
13509.9  1.41435e-09
14820.2  1.52529e-09
16257.6  1.64378e-09
17834.3  1.77081e-09
19564  1.90639e-09
21461.4  2.05035e-09
23542.9  2.2034e-09
25826.2  2.36574e-09
28331  2.53816e-09
31078.7  2.72118e-09
34092.9  2.91453e-09
37399.4  3.1195e-09
41026.6  3.3361e-09
45005.6  3.56507e-09
49370.5  3.80639e-09
54158.7  4.06041e-09
59411.3  4.32809e-09
65173.4  4.60951e-09
71494.3  4.90556e-09
78428.2  5.21579e-09
86034.6  5.54184e-09
94378.8  5.88293e-09
103532  6.24074e-09
113573  6.61445e-09
124588  7.00531e-09
136672  7.41323e-09
149927  7.83944e-09
164468  8.28321e-09
180419  8.74589e-09
197917  9.22725e-09
217112  9.72864e-09
238169  1.02496e-08
261268  1.0792e-08
286607  1.13547e-08
314404  1.19394e-08
344896  1.25455e-08
378346  1.31754e-08
415040  1.38269e-08
455294  1.45034e-08
499451  1.52042e-08
547890  1.59324e-08
601028  1.66895e-08
659319  1.74765e-08
723263  1.82946e-08
793410  1.91329e-08
870359  1.99884e-08
954772  2.08551e-08
1.04737e+06  2.17675e-08
1.14895e+06  2.27317e-08
1.26038e+06  2.37177e-08
1.38262e+06  2.47201e-08
1.51672e+06  2.57542e-08
1.66382e+06  2.68368e-08
1.82518e+06  2.79519e-08
2.0022e+06  2.90992e-08
2.19639e+06  3.02842e-08
2.4094e+06  3.15082e-08
2.64308e+06  3.27704e-08
2.89942e+06  3.40713e-08
3.18063e+06  3.54147e-08
3.4891e+06  3.68012e-08
3.82749e+06  3.82284e-08
4.19871e+06  3.97018e-08
4.60592e+06  4.12215e-08
5.05263e+06  4.27879e-08
5.54266e+06  4.44028e-08
6.08022e+06  4.60668e-08
6.66992e+06  4.7785e-08
7.31681e+06  4.95559e-08
8.02643e+06  5.13793e-08
8.80488e+06  5.32595e-08
9.65883e+06  5.51992e-08
1.05956e+07  5.7198e-08
1.16232e+07  5.92584e-08
1.27505e+07  6.1378e-08
1.39871e+07  6.35607e-08
1.53437e+07  6.58124e-08
1.68318e+07  6.81347e-08
1.84642e+07  7.05241e-08
2.0255e+07  7.29846e-08
2.22195e+07  7.55226e-08
2.43744e+07  7.81361e-08
2.67384e+07  8.08278e-08
2.93317e+07  8.35966e-08
3.21764e+07  8.64492e-08
3.52971e+07  8.93877e-08
3.87204e+07  9.24111e-08
4.24757e+07  9.55228e-08
4.65953e+07  9.87318e-08
5.11143e+07  1.02031e-07
5.60717e+07  1.05427e-07
6.15099e+07  1.0892e-07
6.74754e+07  1.12514e-07
7.40196e+07  1.16216e-07
8.11984e+07  1.20027e-07
8.90735e+07  1.23946e-07
9.77124e+07  1.27979e-07
1.07189e+08  1.32132e-07
1.17585e+08  1.36397e-07
1.28989e+08  1.40783e-07
1.41499e+08  1.45294e-07
1.55223e+08  1.49934e-07
1.70277e+08  1.54705e-07
1.86791e+08  1.59616e-07
2.04907e+08  1.64666e-07
2.24781e+08  1.69854e-07
2.46581e+08  1.75189e-07
2.70496e+08  1.80676e-07
2.9673e+08  1.86314e-07
3.25509e+08  1.92109e-07
3.57079e+08  1.98066e-07
3.9171e+08  2.0418e-07
4.297e+08  2.10462e-07
4.71375e+08  2.16924e-07
5.17092e+08  2.23563e-07
5.67243e+08  2.30381e-07
6.22257e+08  2.37385e-07
6.82607e+08  2.4459e-07
7.4881e+08  2.51993e-07
8.21434e+08  2.59594e-07
9.01102e+08  2.67397e-07
9.88496e+08  2.75405e-07
1.08437e+09  2.83624e-07
1.18953e+09  2.92059e-07
1.3049e+09  3.00722e-07
1.43146e+09  3.09624e-07
1.57029e+09  3.18771e-07
1.72259e+09  3.28162e-07
1.88965e+09  3.37795e-07
2.07292e+09  3.47687e-07
2.27397e+09  3.57845e-07
2.49451e+09  3.68269e-07
2.73644e+09  3.78958e-07
3.00184e+09  3.89922e-07
3.29297e+09  4.0117e-07
3.61234e+09  4.12715e-07
3.96269e+09  4.24553e-07
4.34701e+09  4.36701e-07
4.76861e+09  4.49179e-07
5.2311e+09  4.61978e-07
5.73844e+09  4.75096e-07
6.29499e+09  4.8855e-07
6.90551e+09  5.02359e-07
7.57525e+09  5.16529e-07
8.30994e+09  5.31051e-07
9.11589e+09  5.45945e-07
1e+10  5.61211e-07
