100  9.29433e-11
109.699  1.01534e-10
120.338  1.1091e-10
132.009  1.21173e-10
144.812  1.324e-10
158.857  1.44668e-10
174.263  1.58048e-10
191.164  1.72634e-10
209.705  1.88533e-10
230.043  2.05908e-10
252.354  2.24952e-10
276.829  2.45703e-10
303.677  2.68314e-10
333.129  2.92932e-10
365.438  3.19781e-10
400.881  3.49089e-10
439.76  3.81092e-10
482.411  4.15901e-10
529.198  4.53736e-10
580.523  4.94842e-10
636.825  5.39692e-10
698.588  5.88579e-10
766.341  6.41622e-10
840.665  6.99124e-10
922.198  7.6157e-10
1011.64  8.29672e-10
1109.75  9.03356e-10
1217.38  9.8301e-10
1335.45  1.06911e-09
1464.97  1.16289e-09
1607.05  1.264e-09
1762.91  1.37284e-09
1933.89  1.49093e-09
2121.45  1.61821e-09
2327.2  1.75472e-09
2552.91  1.9017e-09
2800.5  2.06022e-09
3072.11  2.22953e-09
3370.06  2.41545e-09
3696.91  2.61478e-09
4055.46  2.82863e-09
4448.78  3.05723e-09
4880.25  3.3003e-09
5353.57  3.55746e-09
5872.79  3.82948e-09
6442.36  4.11652e-09
7067.18  4.41785e-09
7752.6  4.73414e-09
8504.49  5.08466e-09
9329.3  5.45611e-09
10234.1  5.84611e-09
11226.7  6.25746e-09
12315.5  6.68875e-09
13509.9  7.14211e-09
14820.2  7.62214e-09
16257.6  8.12607e-09
17834.3  8.65702e-09
19564  9.21411e-09
21461.4  9.79646e-09
23542.9  1.04039e-08
25826.2  1.10408e-08
28331  1.17087e-08
31078.7  1.24041e-08
34092.9  1.31283e-08
37399.4  1.3882e-08
41026.6  1.46649e-08
45005.6  1.5478e-08
49370.5  1.63248e-08
54158.7  1.72041e-08
59411.3  1.81148e-08
65173.4  1.90588e-08
71494.3  2.0036e-08
78428.2  2.10472e-08
86034.6  2.20939e-08
94378.8  2.31748e-08
103532  2.42934e-08
113573  2.5447e-08
124588  2.66388e-08
136672  2.78694e-08
149927  2.91448e-08
164468  3.04719e-08
180419  3.18564e-08
197917  3.32758e-08
217112  3.47122e-08
238169  3.61545e-08
261268  3.76423e-08
286607  3.92621e-08
314404  4.08958e-08
344896  4.25319e-08
378346  4.42324e-08
415040  4.60078e-08
455294  4.7834e-08
499451  4.9714e-08
547890  5.16453e-08
601028  5.36324e-08
659319  5.56707e-08
723263  5.77752e-08
793410  5.99533e-08
870359  6.21897e-08
954772  6.44877e-08
1.04737e+06  6.6844e-08
1.14895e+06  6.92734e-08
1.26038e+06  7.17909e-08
1.38262e+06  7.43754e-08
1.51672e+06  7.70289e-08
1.66382e+06  7.97495e-08
1.82518e+06  8.25645e-08
2.0022e+06  8.54738e-08
2.19639e+06  8.84571e-08
2.4094e+06  9.15153e-08
2.64308e+06  9.46563e-08
2.89942e+06  9.79159e-08
3.18063e+06  1.01264e-07
3.4891e+06  1.04693e-07
3.82749e+06  1.0823e-07
4.19871e+06  1.11866e-07
4.60592e+06  1.15632e-07
5.05263e+06  1.19506e-07
5.54266e+06  1.23492e-07
6.08022e+06  1.27585e-07
6.66992e+06  1.31799e-07
7.31681e+06  1.3613e-07
8.02643e+06  1.40609e-07
8.80488e+06  1.45227e-07
9.65883e+06  1.49955e-07
1.05956e+07  1.54827e-07
1.16232e+07  1.59816e-07
1.27505e+07  1.64985e-07
1.39871e+07  1.70311e-07
1.53437e+07  1.75773e-07
1.68318e+07  1.81387e-07
1.84642e+07  1.87138e-07
2.0255e+07  1.93096e-07
2.22195e+07  1.99225e-07
2.43744e+07  2.0551e-07
2.67384e+07  2.11963e-07
2.93317e+07  2.18577e-07
3.21764e+07  2.25431e-07
3.52971e+07  2.32467e-07
3.87204e+07  2.39686e-07
4.24757e+07  2.4709e-07
4.65953e+07  2.54702e-07
5.11143e+07  2.62578e-07
5.60717e+07  2.70643e-07
6.15099e+07  2.78911e-07
6.74754e+07  2.87392e-07
7.40196e+07  2.96147e-07
8.11984e+07  3.05156e-07
8.90735e+07  3.14383e-07
9.77124e+07  3.23824e-07
1.07189e+08  3.33555e-07
1.17585e+08  3.43592e-07
1.28989e+08  3.53871e-07
1.41499e+08  3.64404e-07
1.55223e+08  3.75197e-07
1.70277e+08  3.86371e-07
1.86791e+08  3.97817e-07
2.04907e+08  4.09516e-07
2.24781e+08  4.21518e-07
2.46581e+08  4.33911e-07
2.70496e+08  4.46617e-07
2.9673e+08  4.59643e-07
3.25509e+08  4.72953e-07
3.57079e+08  4.86703e-07
3.9171e+08  5.00842e-07
4.297e+08  5.15257e-07
4.71375e+08  5.3005e-07
5.17092e+08  5.45296e-07
5.67243e+08  5.60929e-07
6.22257e+08  5.76968e-07
6.82607e+08  5.93322e-07
7.4881e+08  6.10173e-07
8.21434e+08  6.2755e-07
9.01102e+08  6.45244e-07
9.88496e+08  6.63403e-07
1.08437e+09  6.8209e-07
1.18953e+09  7.01244e-07
1.3049e+09  7.20903e-07
1.43146e+09  7.40935e-07
1.57029e+09  7.6157e-07
1.72259e+09  7.82834e-07
1.88965e+09  8.04475e-07
2.07292e+09  8.26623e-07
2.27397e+09  8.49485e-07
2.49451e+09  8.72885e-07
2.73644e+09  8.96823e-07
3.00184e+09  9.21269e-07
3.29297e+09  9.46506e-07
3.61234e+09  9.72371e-07
3.96269e+09  9.9876e-07
4.34701e+09  1.02577e-06
4.76861e+09  1.05363e-06
5.2311e+09  1.08117e-06
5.73844e+09  1.10676e-06
6.29499e+09  1.13022e-06
6.90551e+09  1.15155e-06
7.57525e+09  1.17089e-06
8.30994e+09  1.18818e-06
9.11589e+09  1.2035e-06
1e+10  1.21704e-06
