100  3.64213e-10
109.699  3.96441e-10
120.338  4.31548e-10
132.009  4.79195e-10
144.812  5.28772e-10
158.857  5.80503e-10
174.263  6.36932e-10
191.164  7.06272e-10
209.705  7.79727e-10
230.043  8.56599e-10
252.354  9.39413e-10
276.829  1.03042e-09
303.677  1.13022e-09
333.129  1.24867e-09
365.438  1.37985e-09
400.881  1.51611e-09
439.76  1.66227e-09
482.411  1.82153e-09
529.198  1.99517e-09
580.523  2.18496e-09
636.825  2.39277e-09
698.588  2.61966e-09
766.341  2.86659e-09
840.665  3.13668e-09
922.198  3.43545e-09
1011.64  3.76044e-09
1109.75  4.11501e-09
1217.38  4.5014e-09
1335.45  4.95262e-09
1464.97  5.44248e-09
1607.05  5.9767e-09
1762.91  6.52081e-09
1933.89  7.10833e-09
2121.45  7.74292e-09
2327.2  8.42776e-09
2552.91  9.16365e-09
2800.5  9.95274e-09
3072.11  1.08008e-08
3370.06  1.1711e-08
3696.91  1.27221e-08
4055.46  1.38064e-08
4448.78  1.49729e-08
4880.25  1.62151e-08
5353.57  1.7546e-08
5872.79  1.89706e-08
6442.36  2.04781e-08
7067.18  2.20948e-08
7752.6  2.38198e-08
8504.49  2.56588e-08
9329.3  2.76191e-08
10234.1  2.96875e-08
11226.7  3.18946e-08
12315.5  3.42168e-08
13509.9  3.66801e-08
14820.2  3.92822e-08
16257.6  4.20145e-08
17834.3  4.48665e-08
19564  4.55892e-08
21461.4  4.61144e-08
23542.9  4.77774e-08
25826.2  5.06975e-08
28331  5.37449e-08
31078.7  5.69322e-08
34092.9  6.02419e-08
37399.4  6.36776e-08
41026.6  6.72388e-08
45005.6  7.09328e-08
49370.5  7.47615e-08
54158.7  7.87368e-08
59411.3  8.28567e-08
65173.4  8.71204e-08
71494.3  9.15248e-08
78428.2  9.60777e-08
86034.6  1.00777e-07
94378.8  1.05627e-07
103532  1.10638e-07
113573  1.15823e-07
124588  1.21195e-07
136672  1.26809e-07
149927  1.32575e-07
164468  1.38431e-07
180419  1.44313e-07
197917  1.50295e-07
217112  1.56859e-07
238169  1.6348e-07
261268  1.70122e-07
286607  1.77013e-07
314404  1.84178e-07
344896  1.91531e-07
378346  1.99085e-07
415040  2.06899e-07
455294  2.14933e-07
499451  2.23191e-07
547890  2.3166e-07
601028  2.40364e-07
659319  2.49335e-07
723263  2.58611e-07
793410  2.68144e-07
870359  2.7791e-07
954772  2.87939e-07
1.04737e+06  2.98272e-07
1.14895e+06  3.08969e-07
1.26038e+06  3.19958e-07
1.38262e+06  3.31207e-07
1.51672e+06  3.42749e-07
1.66382e+06  3.54722e-07
1.82518e+06  3.67042e-07
2.0022e+06  3.79671e-07
2.19639e+06  3.92581e-07
2.4094e+06  4.05909e-07
2.64308e+06  4.19716e-07
2.89942e+06  4.3385e-07
3.18063e+06  4.48334e-07
3.4891e+06  4.63219e-07
3.82749e+06  4.78662e-07
4.19871e+06  4.945e-07
4.60592e+06  5.10698e-07
5.05263e+06  5.2733e-07
5.54266e+06  5.44594e-07
6.08022e+06  5.62283e-07
6.66992e+06  5.80376e-07
7.31681e+06  5.98962e-07
8.02643e+06  6.18205e-07
8.80488e+06  6.37957e-07
9.65883e+06  6.58293e-07
1.05956e+07  6.79101e-07
1.16232e+07  7.0051e-07
1.27505e+07  7.22645e-07
1.39871e+07  7.45339e-07
1.53437e+07  7.68716e-07
1.68318e+07  7.92599e-07
1.84642e+07  8.17169e-07
2.0255e+07  8.42578e-07
2.22195e+07  8.68616e-07
2.43744e+07  8.95411e-07
2.67384e+07  9.22759e-07
2.93317e+07  9.50967e-07
3.21764e+07  9.80157e-07
3.52971e+07  1.00996e-06
3.87204e+07  1.0406e-06
4.24757e+07  1.07191e-06
4.65953e+07  1.1043e-06
5.11143e+07  1.13762e-06
5.60717e+07  1.17164e-06
6.15099e+07  1.20663e-06
6.74754e+07  1.24251e-06
7.40196e+07  1.2795e-06
8.11984e+07  1.31754e-06
8.90735e+07  1.35631e-06
9.77124e+07  1.39618e-06
1.07189e+08  1.43743e-06
1.17585e+08  1.47952e-06
1.28989e+08  1.5228e-06
1.41499e+08  1.56697e-06
1.55223e+08  1.61256e-06
1.70277e+08  1.6595e-06
1.86791e+08  1.70734e-06
2.04907e+08  1.75643e-06
2.24781e+08  1.80697e-06
2.46581e+08  1.85888e-06
2.70496e+08  1.91216e-06
2.9673e+08  1.96648e-06
3.25509e+08  2.02236e-06
3.57079e+08  2.08008e-06
3.9171e+08  2.1389e-06
4.297e+08  2.19912e-06
4.71375e+08  2.26102e-06
5.17092e+08  2.32466e-06
5.67243e+08  2.38985e-06
6.22257e+08  2.4564e-06
6.82607e+08  2.52472e-06
7.4881e+08  2.59529e-06
8.21434e+08  2.66732e-06
9.01102e+08  2.74085e-06
9.88496e+08  2.81646e-06
1.08437e+09  2.89435e-06
1.18953e+09  2.97384e-06
1.3049e+09  3.05508e-06
1.43146e+09  3.13852e-06
1.57029e+09  3.22438e-06
1.72259e+09  3.31211e-06
1.88965e+09  3.40148e-06
2.07292e+09  3.49373e-06
2.27397e+09  3.58845e-06
2.49451e+09  3.68493e-06
2.73644e+09  3.78377e-06
3.00184e+09  3.88553e-06
3.29297e+09  3.98966e-06
3.61234e+09  4.09629e-06
3.96269e+09  4.19846e-06
4.34701e+09  4.2927e-06
4.76861e+09  4.3789e-06
5.2311e+09  4.45698e-06
5.73844e+09  4.52696e-06
6.29499e+09  4.58936e-06
6.90551e+09  4.6442e-06
7.57525e+09  4.69241e-06
8.30994e+09  4.73404e-06
9.11589e+09  4.77241e-06
1e+10  4.80475e-06
