100  7.28646e-12
109.699  8.37854e-12
120.338  9.61925e-12
132.009  1.10232e-11
144.812  1.26074e-11
158.857  1.4382e-11
174.263  1.63757e-11
191.164  1.86148e-11
209.705  2.11235e-11
230.043  2.39327e-11
252.354  2.70742e-11
276.829  3.05918e-11
303.677  3.45254e-11
333.129  3.89174e-11
365.438  4.38139e-11
400.881  4.92705e-11
439.76  5.53478e-11
482.411  6.2117e-11
529.198  6.95647e-11
580.523  7.7495e-11
636.825  8.59572e-11
698.588  9.55587e-11
766.341  1.07026e-10
840.665  1.19749e-10
922.198  1.339e-10
1011.64  1.49619e-10
1109.75  1.67074e-10
1217.38  1.86419e-10
1335.45  2.07881e-10
1464.97  2.31677e-10
1607.05  2.58057e-10
1762.91  2.87288e-10
1933.89  3.19632e-10
2121.45  3.5545e-10
2327.2  3.95056e-10
2552.91  4.38822e-10
2800.5  4.87127e-10
3072.11  5.40467e-10
3370.06  5.99282e-10
3696.91  6.64199e-10
4055.46  7.35737e-10
4448.78  8.14442e-10
4880.25  9.01176e-10
5353.57  9.96577e-10
5872.79  1.10156e-09
6442.36  1.21681e-09
7067.18  1.34339e-09
7752.6  1.48236e-09
8504.49  1.63447e-09
9329.3  1.80093e-09
10234.1  1.983e-09
11226.7  2.1823e-09
12315.5  2.4003e-09
13509.9  2.63833e-09
14820.2  2.89793e-09
16257.6  3.18031e-09
17834.3  3.48745e-09
19564  3.82202e-09
21461.4  4.1853e-09
23542.9  4.5788e-09
25826.2  5.00552e-09
28331  5.46811e-09
31078.7  5.96798e-09
34092.9  6.50763e-09
37399.4  7.08927e-09
41026.6  7.7167e-09
45005.6  8.39086e-09
49370.5  9.11646e-09
54158.7  9.89604e-09
59411.3  1.07107e-08
65173.4  1.15106e-08
71494.3  1.22815e-08
78428.2  1.30058e-08
86034.6  1.36841e-08
94378.8  1.45662e-08
103532  1.56762e-08
113573  1.68509e-08
124588  1.80962e-08
136672  1.94148e-08
149927  2.08091e-08
164468  2.22823e-08
180419  2.38326e-08
197917  2.54712e-08
217112  2.71929e-08
238169  2.90075e-08
261268  3.09114e-08
286607  3.29156e-08
314404  3.50311e-08
344896  3.7255e-08
378346  3.95932e-08
415040  4.20375e-08
455294  4.45825e-08
499451  4.72224e-08
547890  4.99524e-08
601028  5.27711e-08
659319  5.57672e-08
723263  5.89337e-08
793410  6.22098e-08
870359  6.55909e-08
954772  6.90795e-08
1.04737e+06  7.27382e-08
1.14895e+06  7.65669e-08
1.26038e+06  8.0534e-08
1.38262e+06  8.4646e-08
1.51672e+06  8.89212e-08
1.66382e+06  9.33544e-08
1.82518e+06  9.79612e-08
2.0022e+06  1.02739e-07
2.19639e+06  1.07682e-07
2.4094e+06  1.12821e-07
2.64308e+06  1.18142e-07
2.89942e+06  1.23648e-07
3.18063e+06  1.29356e-07
3.4891e+06  1.35264e-07
3.82749e+06  1.41383e-07
4.19871e+06  1.47709e-07
4.60592e+06  1.54259e-07
5.05263e+06  1.61036e-07
5.54266e+06  1.68055e-07
6.08022e+06  1.75297e-07
6.66992e+06  1.82792e-07
7.31681e+06  1.90542e-07
8.02643e+06  1.98561e-07
8.80488e+06  2.0683e-07
9.65883e+06  2.15389e-07
1.05956e+07  2.24213e-07
1.16232e+07  2.33327e-07
1.27505e+07  2.4275e-07
1.39871e+07  2.52476e-07
1.53437e+07  2.6252e-07
1.68318e+07  2.72882e-07
1.84642e+07  2.83573e-07
2.0255e+07  2.94626e-07
2.22195e+07  3.06015e-07
2.43744e+07  3.17757e-07
2.67384e+07  3.29883e-07
2.93317e+07  3.42392e-07
3.21764e+07  3.55275e-07
3.52971e+07  3.68569e-07
3.87204e+07  3.8226e-07
4.24757e+07  3.96381e-07
4.65953e+07  4.10951e-07
5.11143e+07  4.2596e-07
5.60717e+07  4.41416e-07
6.15099e+07  4.57334e-07
6.74754e+07  4.73762e-07
7.40196e+07  4.90678e-07
8.11984e+07  5.08087e-07
8.90735e+07  5.26036e-07
9.77124e+07  5.44508e-07
1.07189e+08  5.63532e-07
1.17585e+08  5.83101e-07
1.28989e+08  6.0324e-07
1.41499e+08  6.23994e-07
1.55223e+08  6.45337e-07
1.70277e+08  6.67319e-07
1.86791e+08  6.89969e-07
2.04907e+08  7.13263e-07
2.24781e+08  7.37211e-07
2.46581e+08  7.61838e-07
2.70496e+08  7.87149e-07
2.9673e+08  8.13198e-07
3.25509e+08  8.40022e-07
3.57079e+08  8.67591e-07
3.9171e+08  8.9592e-07
4.297e+08  9.25077e-07
4.71375e+08  9.55046e-07
5.17092e+08  9.85864e-07
5.67243e+08  1.01755e-06
6.22257e+08  1.0501e-06
6.82607e+08  1.08352e-06
7.4881e+08  1.11786e-06
8.21434e+08  1.1532e-06
9.01102e+08  1.18948e-06
9.88496e+08  1.22676e-06
1.08437e+09  1.26508e-06
1.18953e+09  1.30446e-06
1.3049e+09  1.34489e-06
1.43146e+09  1.38642e-06
1.57029e+09  1.42905e-06
1.72259e+09  1.47282e-06
1.88965e+09  1.51777e-06
2.07292e+09  1.56389e-06
2.27397e+09  1.61132e-06
2.49451e+09  1.66e-06
2.73644e+09  1.70993e-06
3.00184e+09  1.76117e-06
3.29297e+09  1.81382e-06
3.61234e+09  1.86786e-06
3.96269e+09  1.92334e-06
4.34701e+09  1.98026e-06
4.76861e+09  2.03865e-06
5.2311e+09  2.09853e-06
5.73844e+09  2.15994e-06
6.29499e+09  2.22293e-06
6.90551e+09  2.28756e-06
7.57525e+09  2.35392e-06
8.30994e+09  2.42198e-06
9.11589e+09  2.49177e-06
1e+10  2.56333e-06
