100  4.29707e-12
109.699  4.69156e-12
120.338  5.12214e-12
132.009  5.59308e-12
144.812  6.10753e-12
158.857  6.66975e-12
174.263  7.28413e-12
191.164  7.95532e-12
209.705  8.68778e-12
230.043  9.48309e-12
252.354  1.03229e-11
276.829  1.12356e-11
303.677  1.22743e-11
333.129  1.34101e-11
365.438  1.46511e-11
400.881  1.60063e-11
439.76  1.74852e-11
482.411  1.91014e-11
529.198  2.08662e-11
580.523  2.27925e-11
636.825  2.48957e-11
698.588  2.71898e-11
766.341  2.9694e-11
840.665  3.24258e-11
922.198  3.54063e-11
1011.64  3.86557e-11
1109.75  4.2197e-11
1217.38  4.60566e-11
1335.45  5.02624e-11
1464.97  5.48424e-11
1607.05  5.98311e-11
1762.91  6.52525e-11
1933.89  7.11542e-11
2121.45  7.75756e-11
2327.2  8.45527e-11
2552.91  9.21324e-11
2800.5  1.00361e-10
3072.11  1.09293e-10
3370.06  1.18973e-10
3696.91  1.29463e-10
4055.46  1.4086e-10
4448.78  1.53212e-10
4880.25  1.66577e-10
5353.57  1.81041e-10
5872.79  1.96631e-10
6442.36  2.13425e-10
7067.18  2.31534e-10
7752.6  2.5105e-10
8504.49  2.72092e-10
9329.3  2.94723e-10
10234.1  3.19e-10
11226.7  3.45007e-10
12315.5  3.72941e-10
13509.9  4.02876e-10
14820.2  4.34944e-10
16257.6  4.69377e-10
17834.3  5.06159e-10
19564  5.45352e-10
21461.4  5.87082e-10
23542.9  6.31577e-10
25826.2  6.79057e-10
28331  7.2944e-10
31078.7  7.82916e-10
34092.9  8.39766e-10
37399.4  9.00045e-10
41026.6  9.63919e-10
45005.6  1.03151e-09
49370.5  1.10282e-09
54158.7  1.17829e-09
59411.3  1.25796e-09
65173.4  1.34172e-09
71494.3  1.42856e-09
78428.2  1.51326e-09
86034.6  1.59263e-09
94378.8  1.66655e-09
103532  1.73504e-09
113573  1.82961e-09
124588  1.93664e-09
136672  2.04819e-09
149927  2.16463e-09
164468  2.28567e-09
180419  2.41186e-09
197917  2.54301e-09
217112  2.67944e-09
238169  2.82123e-09
261268  2.96836e-09
286607  3.12123e-09
314404  3.2796e-09
344896  3.44409e-09
378346  3.61427e-09
415040  3.79086e-09
455294  3.97339e-09
499451  4.16277e-09
547890  4.35957e-09
601028  4.56361e-09
659319  4.77569e-09
723263  4.99587e-09
793410  5.22073e-09
870359  5.45002e-09
954772  5.68168e-09
1.04737e+06  5.92987e-09
1.14895e+06  6.18803e-09
1.26038e+06  6.45165e-09
1.38262e+06  6.71849e-09
1.51672e+06  6.9966e-09
1.66382e+06  7.28691e-09
1.82518e+06  7.58515e-09
2.0022e+06  7.89157e-09
2.19639e+06  8.20816e-09
2.4094e+06  8.53499e-09
2.64308e+06  8.87181e-09
2.89942e+06  9.21897e-09
3.18063e+06  9.57686e-09
3.4891e+06  9.94624e-09
3.82749e+06  1.03263e-08
4.19871e+06  1.07186e-08
4.60592e+06  1.1123e-08
5.05263e+06  1.15393e-08
5.54266e+06  1.19687e-08
6.08022e+06  1.24109e-08
6.66992e+06  1.28669e-08
7.31681e+06  1.33371e-08
8.02643e+06  1.3821e-08
8.80488e+06  1.43193e-08
9.65883e+06  1.48337e-08
1.05956e+07  1.53637e-08
1.16232e+07  1.59086e-08
1.27505e+07  1.64699e-08
1.39871e+07  1.70478e-08
1.53437e+07  1.76434e-08
1.68318e+07  1.82572e-08
1.84642e+07  1.88891e-08
2.0255e+07  1.95395e-08
2.22195e+07  2.02086e-08
2.43744e+07  2.08983e-08
2.67384e+07  2.16085e-08
2.93317e+07  2.23394e-08
3.21764e+07  2.30915e-08
3.52971e+07  2.38662e-08
3.87204e+07  2.46629e-08
4.24757e+07  2.5482e-08
4.65953e+07  2.63249e-08
5.11143e+07  2.7193e-08
5.60717e+07  2.80866e-08
6.15099e+07  2.90055e-08
6.74754e+07  2.99505e-08
7.40196e+07  3.09237e-08
8.11984e+07  3.1924e-08
8.90735e+07  3.29528e-08
9.77124e+07  3.40111e-08
1.07189e+08  3.50985e-08
1.17585e+08  3.62166e-08
1.28989e+08  3.7367e-08
1.41499e+08  3.85494e-08
1.55223e+08  3.9764e-08
1.70277e+08  4.10137e-08
1.86791e+08  4.22996e-08
2.04907e+08  4.36215e-08
2.24781e+08  4.49789e-08
2.46581e+08  4.63731e-08
2.70496e+08  4.78054e-08
2.9673e+08  4.92772e-08
3.25509e+08  5.07904e-08
3.57079e+08  5.23444e-08
3.9171e+08  5.39412e-08
4.297e+08  5.55815e-08
4.71375e+08  5.72678e-08
5.17092e+08  5.89997e-08
5.67243e+08  6.0778e-08
6.22257e+08  6.26039e-08
6.82607e+08  6.4478e-08
7.4881e+08  6.64009e-08
8.21434e+08  6.83759e-08
9.01102e+08  7.0407e-08
9.88496e+08  7.24909e-08
1.08437e+09  7.46289e-08
1.18953e+09  7.68227e-08
1.3049e+09  7.90768e-08
1.43146e+09  8.1391e-08
1.57029e+09  8.37658e-08
1.72259e+09  8.62027e-08
1.88965e+09  8.87019e-08
2.07292e+09  9.12663e-08
2.27397e+09  9.38977e-08
2.49451e+09  9.65964e-08
2.73644e+09  9.9367e-08
3.00184e+09  1.02209e-07
3.29297e+09  1.05124e-07
3.61234e+09  1.08112e-07
3.96269e+09  1.11178e-07
4.34701e+09  1.14325e-07
4.76861e+09  1.17552e-07
5.2311e+09  1.20863e-07
5.73844e+09  1.24257e-07
6.29499e+09  1.27736e-07
6.90551e+09  1.31303e-07
7.57525e+09  1.34958e-07
8.30994e+09  1.38703e-07
9.11589e+09  1.42543e-07
1e+10  1.46483e-07
