100  3.01709e-14
109.699  3.47126e-14
120.338  3.97629e-14
132.009  4.53164e-14
144.812  5.14268e-14
158.857  5.80787e-14
174.263  6.52912e-14
191.164  7.32378e-14
209.705  8.18565e-14
230.043  9.11019e-14
252.354  1.01781e-13
276.829  1.13269e-13
303.677  1.25492e-13
333.129  1.3845e-13
365.438  1.52199e-13
400.881  1.67668e-13
439.76  1.84911e-13
482.411  2.03476e-13
529.198  2.23352e-13
580.523  2.44625e-13
636.825  2.67561e-13
698.588  2.92548e-13
766.341  3.19587e-13
840.665  3.48683e-13
922.198  3.80136e-13
1011.64  4.14176e-13
1109.75  4.51269e-13
1217.38  4.91084e-13
1335.45  5.33845e-13
1464.97  5.79592e-13
1607.05  6.28547e-13
1762.91  6.80858e-13
1933.89  7.3688e-13
2121.45  7.9659e-13
2327.2  8.60799e-13
2552.91  9.29516e-13
2800.5  1.00244e-12
3072.11  1.07999e-12
3370.06  1.162e-12
3696.91  1.24867e-12
4055.46  1.3404e-12
4448.78  1.43696e-12
4880.25  1.53846e-12
5353.57  1.6446e-12
5872.79  1.7553e-12
6442.36  1.87041e-12
7067.18  2.00656e-12
7752.6  2.22085e-12
8504.49  2.45516e-12
9329.3  2.71133e-12
10234.1  2.9911e-12
11226.7  3.2968e-12
12315.5  3.62993e-12
13509.9  3.99278e-12
14820.2  4.38832e-12
16257.6  4.81736e-12
17834.3  5.28397e-12
19564  5.78895e-12
21461.4  6.33634e-12
23542.9  6.92858e-12
25826.2  7.56911e-12
28331  8.25982e-12
31078.7  9.00657e-12
34092.9  9.81046e-12
37399.4  1.06762e-11
41026.6  1.16087e-11
45005.6  1.26077e-11
49370.5  1.36796e-11
54158.7  1.48263e-11
59411.3  1.60531e-11
65173.4  1.73655e-11
71494.3  1.87666e-11
78428.2  2.02672e-11
86034.6  2.18682e-11
94378.8  2.35759e-11
103532  2.53981e-11
113573  2.73417e-11
124588  2.94074e-11
136672  3.16059e-11
149927  3.3937e-11
164468  3.6407e-11
180419  3.90226e-11
197917  4.17876e-11
217112  4.47089e-11
238169  4.77867e-11
261268  5.1032e-11
286607  5.44415e-11
314404  5.80294e-11
344896  6.1792e-11
378346  6.57442e-11
415040  6.98846e-11
455294  7.42268e-11
499451  7.87705e-11
547890  8.35284e-11
601028  8.85019e-11
659319  9.36976e-11
723263  9.91165e-11
793410  1.04771e-10
870359  1.10665e-10
954772  1.16802e-10
1.04737e+06  1.23206e-10
1.14895e+06  1.2986e-10
1.26038e+06  1.36788e-10
1.38262e+06  1.43994e-10
1.51672e+06  1.51474e-10
1.66382e+06  1.59247e-10
1.82518e+06  1.67321e-10
2.0022e+06  1.75708e-10
2.19639e+06  1.84406e-10
2.4094e+06  1.93432e-10
2.64308e+06  2.02796e-10
2.89942e+06  2.125e-10
3.18063e+06  2.22553e-10
3.4891e+06  2.3298e-10
3.82749e+06  2.43769e-10
4.19871e+06  2.54948e-10
4.60592e+06  2.66506e-10
5.05263e+06  2.78458e-10
5.54266e+06  2.90855e-10
6.08022e+06  3.03656e-10
6.66992e+06  3.16874e-10
7.31681e+06  3.30574e-10
8.02643e+06  3.44706e-10
8.80488e+06  3.59323e-10
9.65883e+06  3.74423e-10
1.05956e+07  3.90035e-10
1.16232e+07  4.06122e-10
1.27505e+07  4.22738e-10
1.39871e+07  4.39908e-10
1.53437e+07  4.57598e-10
1.68318e+07  4.75875e-10
1.84642e+07  4.94752e-10
2.0255e+07  5.14196e-10
2.22195e+07  5.34259e-10
2.43744e+07  5.54935e-10
2.67384e+07  5.76277e-10
2.93317e+07  5.98269e-10
3.21764e+07  6.20887e-10
3.52971e+07  6.44167e-10
3.87204e+07  6.68188e-10
4.24757e+07  6.92886e-10
4.65953e+07  7.18323e-10
5.11143e+07  7.44511e-10
5.60717e+07  7.71462e-10
6.15099e+07  7.99148e-10
6.74754e+07  8.27669e-10
7.40196e+07  8.57007e-10
8.11984e+07  8.87186e-10
8.90735e+07  9.18235e-10
9.77124e+07  9.5016e-10
1.07189e+08  9.82979e-10
1.17585e+08  1.01672e-09
1.28989e+08  1.05144e-09
1.41499e+08  1.0871e-09
1.55223e+08  1.1237e-09
1.70277e+08  1.16132e-09
1.86791e+08  1.20002e-09
2.04907e+08  1.23974e-09
2.24781e+08  1.28051e-09
2.46581e+08  1.32241e-09
2.70496e+08  1.36548e-09
2.9673e+08  1.40971e-09
3.25509e+08  1.45508e-09
3.57079e+08  1.50166e-09
3.9171e+08  1.54949e-09
4.297e+08  1.59871e-09
4.71375e+08  1.6493e-09
5.17092e+08  1.70116e-09
5.67243e+08  1.75446e-09
6.22257e+08  1.80907e-09
6.82607e+08  1.86473e-09
7.4881e+08  1.92134e-09
8.21434e+08  1.97917e-09
9.01102e+08  2.03846e-09
9.88496e+08  2.09897e-09
1.08437e+09  2.16097e-09
1.18953e+09  2.22485e-09
1.3049e+09  2.29088e-09
1.43146e+09  2.35894e-09
1.57029e+09  2.42921e-09
1.72259e+09  2.50177e-09
1.88965e+09  2.5765e-09
2.07292e+09  2.65335e-09
2.27397e+09  2.73239e-09
2.49451e+09  2.8136e-09
2.73644e+09  2.89705e-09
3.00184e+09  2.98274e-09
3.29297e+09  3.07075e-09
3.61234e+09  3.16111e-09
3.96269e+09  3.25394e-09
4.34701e+09  3.34926e-09
4.76861e+09  3.44705e-09
5.2311e+09  3.54746e-09
5.73844e+09  3.65047e-09
6.29499e+09  3.75629e-09
6.90551e+09  3.86484e-09
7.57525e+09  3.97618e-09
8.30994e+09  4.09037e-09
9.11589e+09  4.20745e-09
1e+10  4.32753e-09
