100  3.23355e-12
109.699  3.5428e-12
120.338  3.88193e-12
132.009  4.25253e-12
144.812  4.65941e-12
158.857  5.10503e-12
174.263  5.59347e-12
191.164  6.1291e-12
209.705  6.71589e-12
230.043  7.35948e-12
252.354  8.06526e-12
276.829  8.83801e-12
303.677  9.68401e-12
333.129  1.06095e-11
365.438  1.16225e-11
400.881  1.27309e-11
439.76  1.39461e-11
482.411  1.52791e-11
529.198  1.67416e-11
580.523  1.83444e-11
636.825  2.00999e-11
698.588  2.20312e-11
766.341  2.41596e-11
840.665  2.65048e-11
922.198  2.90806e-11
1011.64  3.1864e-11
1109.75  3.4902e-11
1217.38  3.82274e-11
1335.45  4.186e-11
1464.97  4.58231e-11
1607.05  5.0147e-11
1762.91  5.48663e-11
1933.89  6.00176e-11
2121.45  6.56344e-11
2327.2  7.1753e-11
2552.91  7.84294e-11
2800.5  8.56966e-11
3072.11  9.36007e-11
3370.06  1.02191e-10
3696.91  1.1156e-10
4055.46  1.21765e-10
4448.78  1.32878e-10
4880.25  1.44929e-10
5353.57  1.58003e-10
5872.79  1.72211e-10
6442.36  1.87625e-10
7067.18  2.04402e-10
7752.6  2.22615e-10
8504.49  2.42314e-10
9329.3  2.63555e-10
10234.1  2.8646e-10
11226.7  3.1108e-10
12315.5  3.37673e-10
13509.9  3.66225e-10
14820.2  3.96898e-10
16257.6  4.29879e-10
17834.3  4.65102e-10
19564  5.02879e-10
21461.4  5.43241e-10
23542.9  5.86257e-10
25826.2  6.32235e-10
28331  6.81086e-10
31078.7  7.332e-10
34092.9  7.88511e-10
37399.4  8.47161e-10
41026.6  9.09407e-10
45005.6  9.75138e-10
49370.5  1.04471e-09
54158.7  1.1181e-09
59411.3  1.19545e-09
65173.4  1.27703e-09
71494.3  1.36274e-09
78428.2  1.45265e-09
86034.6  1.54698e-09
94378.8  1.6455e-09
103532  1.74848e-09
113573  1.8561e-09
124588  1.96857e-09
136672  2.08546e-09
149927  2.20703e-09
164468  2.33282e-09
180419  2.46325e-09
197917  2.59845e-09
217112  2.73824e-09
238169  2.88247e-09
261268  3.0316e-09
286607  3.18537e-09
314404  3.34396e-09
344896  3.50751e-09
378346  3.67627e-09
415040  3.85109e-09
455294  4.03153e-09
499451  4.21813e-09
547890  4.4115e-09
601028  4.61128e-09
659319  4.81827e-09
723263  5.03184e-09
793410  5.25222e-09
870359  5.48054e-09
954772  5.716e-09
1.04737e+06  5.95927e-09
1.14895e+06  6.20976e-09
1.26038e+06  6.46827e-09
1.38262e+06  6.73469e-09
1.51672e+06  7.00954e-09
1.66382e+06  7.29182e-09
1.82518e+06  7.5834e-09
2.0022e+06  7.8834e-09
2.19639e+06  8.19325e-09
2.4094e+06  8.51243e-09
2.64308e+06  8.84178e-09
2.89942e+06  9.1817e-09
3.18063e+06  9.53186e-09
3.4891e+06  9.89315e-09
3.82749e+06  1.02667e-08
4.19871e+06  1.06514e-08
4.60592e+06  1.10483e-08
5.05263e+06  1.14578e-08
5.54266e+06  1.18798e-08
6.08022e+06  1.23154e-08
6.66992e+06  1.27653e-08
7.31681e+06  1.32305e-08
8.02643e+06  1.37097e-08
8.80488e+06  1.4203e-08
9.65883e+06  1.47121e-08
1.05956e+07  1.52365e-08
1.16232e+07  1.57758e-08
1.27505e+07  1.63302e-08
1.39871e+07  1.6902e-08
1.53437e+07  1.74907e-08
1.68318e+07  1.80969e-08
1.84642e+07  1.87218e-08
2.0255e+07  1.93649e-08
2.22195e+07  2.00266e-08
2.43744e+07  2.07073e-08
2.67384e+07  2.14089e-08
2.93317e+07  2.21317e-08
3.21764e+07  2.28758e-08
3.52971e+07  2.36415e-08
3.87204e+07  2.44299e-08
4.24757e+07  2.52418e-08
4.65953e+07  2.60764e-08
5.11143e+07  2.6935e-08
5.60717e+07  2.78168e-08
6.15099e+07  2.87234e-08
6.74754e+07  2.96549e-08
7.40196e+07  3.06113e-08
8.11984e+07  3.15939e-08
8.90735e+07  3.26042e-08
9.77124e+07  3.36426e-08
1.07189e+08  3.47088e-08
1.17585e+08  3.58041e-08
1.28989e+08  3.69286e-08
1.41499e+08  3.80856e-08
1.55223e+08  3.92755e-08
1.70277e+08  4.04975e-08
1.86791e+08  4.17528e-08
2.04907e+08  4.30416e-08
2.24781e+08  4.43654e-08
2.46581e+08  4.57272e-08
2.70496e+08  4.71252e-08
2.9673e+08  4.85616e-08
3.25509e+08  5.00372e-08
3.57079e+08  5.1552e-08
3.9171e+08  5.31099e-08
4.297e+08  5.47088e-08
4.71375e+08  5.63501e-08
5.17092e+08  5.80361e-08
5.67243e+08  5.9767e-08
6.22257e+08  6.1546e-08
6.82607e+08  6.33797e-08
7.4881e+08  6.52688e-08
8.21434e+08  6.72137e-08
9.01102e+08  6.92165e-08
9.88496e+08  7.12776e-08
1.08437e+09  7.33931e-08
1.18953e+09  7.55598e-08
1.3049e+09  7.77791e-08
1.43146e+09  8.00562e-08
1.57029e+09  8.23875e-08
1.72259e+09  8.47754e-08
1.88965e+09  8.72244e-08
2.07292e+09  8.97357e-08
2.27397e+09  9.23104e-08
2.49451e+09  9.49493e-08
2.73644e+09  9.76575e-08
3.00184e+09  1.00434e-07
3.29297e+09  1.03279e-07
3.61234e+09  1.06194e-07
3.96269e+09  1.09182e-07
4.34701e+09  1.1225e-07
4.76861e+09  1.1539e-07
5.2311e+09  1.18606e-07
5.73844e+09  1.21899e-07
6.29499e+09  1.25272e-07
6.90551e+09  1.28725e-07
7.57525e+09  1.32261e-07
8.30994e+09  1.35884e-07
9.11589e+09  1.39596e-07
1e+10  1.43401e-07
