100  8.45255e-12
109.699  9.28285e-12
120.338  1.0192e-11
132.009  1.1189e-11
144.812  1.22813e-11
158.857  1.34783e-11
174.263  1.47937e-11
191.164  1.62392e-11
209.705  1.78222e-11
230.043  1.95555e-11
252.354  2.14568e-11
276.829  2.3542e-11
303.677  2.5826e-11
333.129  2.83356e-11
365.438  3.10862e-11
400.881  3.41059e-11
439.76  3.74164e-11
482.411  4.10406e-11
529.198  4.50111e-11
580.523  4.93625e-11
636.825  5.41328e-11
698.588  5.93514e-11
766.341  6.50565e-11
840.665  7.12918e-11
922.198  7.81044e-11
1011.64  8.5551e-11
1109.75  9.3684e-11
1217.38  1.02598e-10
1335.45  1.12346e-10
1464.97  1.22984e-10
1607.05  1.34589e-10
1762.91  1.47244e-10
1933.89  1.61036e-10
2121.45  1.76071e-10
2327.2  1.92484e-10
2552.91  2.10406e-10
2800.5  2.29903e-10
3072.11  2.51124e-10
3370.06  2.74258e-10
3696.91  2.99407e-10
4055.46  3.26776e-10
4448.78  3.56539e-10
4880.25  3.88835e-10
5353.57  4.23941e-10
5872.79  4.62023e-10
6442.36  5.03218e-10
7067.18  5.47825e-10
7752.6  5.962e-10
8504.49  6.48306e-10
9329.3  7.0436e-10
10234.1  7.6462e-10
11226.7  8.29383e-10
12315.5  8.99098e-10
13509.9  9.73873e-10
14820.2  1.05355e-09
16257.6  1.13848e-09
17834.3  1.22862e-09
19564  1.32777e-09
21461.4  1.43973e-09
23542.9  1.5598e-09
25826.2  1.68777e-09
28331  1.82457e-09
31078.7  1.96983e-09
34092.9  2.12385e-09
37399.4  2.28628e-09
41026.6  2.45854e-09
45005.6  2.63945e-09
49370.5  2.84534e-09
54158.7  3.06563e-09
59411.3  3.3009e-09
65173.4  3.55266e-09
71494.3  3.82114e-09
78428.2  4.10777e-09
86034.6  4.41314e-09
94378.8  4.73846e-09
103532  5.08422e-09
113573  5.45172e-09
124588  5.84264e-09
136672  6.25694e-09
149927  6.69444e-09
164468  7.15773e-09
180419  7.64589e-09
197917  8.16145e-09
217112  8.70369e-09
238169  9.27317e-09
261268  9.86981e-09
286607  1.0495e-08
314404  1.11504e-08
344896  1.18347e-08
378346  1.25498e-08
415040  1.3295e-08
455294  1.40711e-08
499451  1.48797e-08
547890  1.572e-08
601028  1.65952e-08
659319  1.75033e-08
723263  1.84469e-08
793410  1.94252e-08
870359  2.04412e-08
954772  2.14936e-08
1.04737e+06  2.25859e-08
1.14895e+06  2.37156e-08
1.26038e+06  2.48879e-08
1.38262e+06  2.61006e-08
1.51672e+06  2.73545e-08
1.66382e+06  2.86516e-08
1.82518e+06  2.99915e-08
2.0022e+06  3.13784e-08
2.19639e+06  3.28103e-08
2.4094e+06  3.42913e-08
2.64308e+06  3.582e-08
2.89942e+06  3.73997e-08
3.18063e+06  3.90318e-08
3.4891e+06  4.0717e-08
3.82749e+06  4.24565e-08
4.19871e+06  4.42518e-08
4.60592e+06  4.61038e-08
5.05263e+06  4.8016e-08
5.54266e+06  4.9984e-08
6.08022e+06  5.20141e-08
6.66992e+06  5.41082e-08
7.31681e+06  5.62567e-08
8.02643e+06  5.84712e-08
8.80488e+06  6.07413e-08
9.65883e+06  6.30817e-08
1.05956e+07  6.54959e-08
1.16232e+07  6.79867e-08
1.27505e+07  7.05534e-08
1.39871e+07  7.32017e-08
1.53437e+07  7.5934e-08
1.68318e+07  7.87579e-08
1.84642e+07  8.16665e-08
2.0255e+07  8.46649e-08
2.22195e+07  8.77553e-08
2.43744e+07  9.09377e-08
2.67384e+07  9.42125e-08
2.93317e+07  9.7587e-08
3.21764e+07  1.01061e-07
3.52971e+07  1.04634e-07
3.87204e+07  1.08323e-07
4.24757e+07  1.12118e-07
4.65953e+07  1.16021e-07
5.11143e+07  1.20036e-07
5.60717e+07  1.24172e-07
6.15099e+07  1.28428e-07
6.74754e+07  1.32802e-07
7.40196e+07  1.37304e-07
8.11984e+07  1.41933e-07
8.90735e+07  1.46689e-07
9.77124e+07  1.51582e-07
1.07189e+08  1.56621e-07
1.17585e+08  1.61801e-07
1.28989e+08  1.67127e-07
1.41499e+08  1.72603e-07
1.55223e+08  1.78233e-07
1.70277e+08  1.84036e-07
1.86791e+08  1.90009e-07
2.04907e+08  1.96151e-07
2.24781e+08  2.0247e-07
2.46581e+08  2.08979e-07
2.70496e+08  2.15674e-07
2.9673e+08  2.22562e-07
3.25509e+08  2.29646e-07
3.57079e+08  2.36934e-07
3.9171e+08  2.44432e-07
4.297e+08  2.52149e-07
4.71375e+08  2.60098e-07
5.17092e+08  2.68275e-07
5.67243e+08  2.76682e-07
6.22257e+08  2.85329e-07
6.82607e+08  2.94232e-07
7.4881e+08  3.0339e-07
8.21434e+08  3.12818e-07
9.01102e+08  3.22534e-07
9.88496e+08  3.32546e-07
1.08437e+09  3.42847e-07
1.18953e+09  3.53444e-07
1.3049e+09  3.64342e-07
1.43146e+09  3.75521e-07
1.57029e+09  3.8699e-07
1.72259e+09  3.98761e-07
1.88965e+09  4.10821e-07
2.07292e+09  4.23186e-07
2.27397e+09  4.35883e-07
2.49451e+09  4.48914e-07
2.73644e+09  4.62275e-07
3.00184e+09  4.75972e-07
3.29297e+09  4.90018e-07
3.61234e+09  5.04417e-07
3.96269e+09  5.19177e-07
4.34701e+09  5.34336e-07
4.76861e+09  5.49881e-07
5.2311e+09  5.65811e-07
5.73844e+09  5.82134e-07
6.29499e+09  5.98886e-07
6.90551e+09  6.1605e-07
7.57525e+09  6.33633e-07
8.30994e+09  6.5165e-07
9.11589e+09  6.7012e-07
1e+10  6.89039e-07
