100  5.71301e-15
109.699  6.6533e-15
120.338  7.68696e-15
132.009  8.82579e-15
144.812  1.00788e-14
158.857  1.1456e-14
174.263  1.29587e-14
191.164  1.46019e-14
209.705  1.64029e-14
230.043  1.83631e-14
252.354  2.05072e-14
276.829  2.28491e-14
303.677  2.54011e-14
333.129  2.81826e-14
365.438  3.12164e-14
400.881  3.45123e-14
439.76  3.80859e-14
482.411  4.1968e-14
529.198  4.62083e-14
580.523  5.08042e-14
636.825  5.57936e-14
698.588  6.12289e-14
766.341  6.71071e-14
840.665  7.34632e-14
922.198  8.03437e-14
1011.64  8.77712e-14
1109.75  9.58086e-14
1217.38  1.04473e-13
1335.45  1.1383e-13
1464.97  1.23905e-13
1607.05  1.34761e-13
1762.91  1.46438e-13
1933.89  1.58985e-13
2121.45  1.72461e-13
2327.2  1.86894e-13
2552.91  2.02362e-13
2800.5  2.18874e-13
3072.11  2.36522e-13
3370.06  2.55294e-13
3696.91  2.75276e-13
4055.46  2.96463e-13
4448.78  3.18896e-13
4880.25  3.42733e-13
5353.57  3.67975e-13
5872.79  3.94551e-13
6442.36  4.22429e-13
7067.18  4.51626e-13
7752.6  4.82133e-13
8504.49  5.14067e-13
9329.3  5.4746e-13
10234.1  5.82106e-13
11226.7  6.17891e-13
12315.5  6.55004e-13
13509.9  6.93188e-13
14820.2  7.32588e-13
16257.6  7.72944e-13
17834.3  8.14258e-13
19564  8.56157e-13
21461.4  8.99106e-13
23542.9  9.42672e-13
25826.2  9.86556e-13
28331  1.03056e-12
31078.7  1.07541e-12
34092.9  1.12013e-12
37399.4  1.16451e-12
41026.6  1.20925e-12
45005.6  1.25362e-12
49370.5  1.29749e-12
54158.7  1.34088e-12
59411.3  1.38372e-12
65173.4  1.426e-12
71494.3  1.46734e-12
78428.2  1.50766e-12
86034.6  1.54746e-12
94378.8  1.58601e-12
103532  1.62302e-12
113573  1.65909e-12
124588  1.69418e-12
136672  1.72778e-12
149927  1.75975e-12
164468  1.79088e-12
180419  1.82068e-12
197917  1.84886e-12
217112  1.87597e-12
238169  1.90166e-12
261268  1.9261e-12
286607  1.94945e-12
314404  1.97138e-12
344896  1.99186e-12
378346  2.0113e-12
415040  2.02991e-12
455294  2.04716e-12
499451  2.06329e-12
547890  2.07821e-12
601028  2.09205e-12
659319  2.10523e-12
723263  2.11767e-12
793410  2.12906e-12
870359  2.13967e-12
954772  2.14942e-12
1.04737e+06  2.15833e-12
1.14895e+06  2.16663e-12
1.26038e+06  2.17436e-12
1.38262e+06  2.18153e-12
1.51672e+06  2.1882e-12
1.66382e+06  2.19443e-12
1.82518e+06  2.20011e-12
2.0022e+06  2.20531e-12
2.19639e+06  2.21005e-12
2.4094e+06  2.21439e-12
2.64308e+06  2.21837e-12
2.89942e+06  2.22205e-12
3.18063e+06  2.22542e-12
3.4891e+06  2.2285e-12
3.82749e+06  2.23136e-12
4.19871e+06  2.23398e-12
4.60592e+06  2.23638e-12
5.05263e+06  2.23856e-12
5.54266e+06  2.24056e-12
6.08022e+06  2.24238e-12
6.66992e+06  2.24404e-12
7.31681e+06  2.24556e-12
8.02643e+06  2.24694e-12
8.80488e+06  2.24821e-12
9.65883e+06  2.24936e-12
1.05956e+07  2.25042e-12
1.16232e+07  2.25139e-12
1.27505e+07  2.25228e-12
1.39871e+07  2.25308e-12
1.53437e+07  2.25382e-12
1.68318e+07  2.25449e-12
1.84642e+07  2.25511e-12
2.0255e+07  2.25566e-12
2.22195e+07  2.25618e-12
2.43744e+07  2.25666e-12
2.67384e+07  2.25709e-12
2.93317e+07  2.25748e-12
3.21764e+07  2.25784e-12
3.52971e+07  2.25817e-12
3.87204e+07  2.25847e-12
4.24757e+07  2.25874e-12
4.65953e+07  2.25899e-12
5.11143e+07  2.25921e-12
5.60717e+07  2.25941e-12
6.15099e+07  2.2596e-12
6.74754e+07  2.25977e-12
7.40196e+07  2.25992e-12
8.11984e+07  2.26006e-12
8.90735e+07  2.2602e-12
9.77124e+07  2.26032e-12
1.07189e+08  2.26044e-12
1.17585e+08  2.26054e-12
1.28989e+08  2.26064e-12
1.41499e+08  2.26072e-12
1.55223e+08  2.2608e-12
1.70277e+08  2.26087e-12
1.86791e+08  2.26094e-12
2.04907e+08  2.261e-12
2.24781e+08  2.26106e-12
2.46581e+08  2.26111e-12
2.70496e+08  2.26115e-12
2.9673e+08  2.26119e-12
3.25509e+08  2.26123e-12
3.57079e+08  2.26127e-12
3.9171e+08  2.2613e-12
4.297e+08  2.26133e-12
4.71375e+08  2.26136e-12
5.17092e+08  2.26138e-12
5.67243e+08  2.2614e-12
6.22257e+08  2.26142e-12
6.82607e+08  2.26144e-12
7.4881e+08  2.26146e-12
8.21434e+08  2.26147e-12
9.01102e+08  2.26149e-12
9.88496e+08  2.2615e-12
1.08437e+09  2.26151e-12
1.18953e+09  2.26152e-12
1.3049e+09  2.26153e-12
1.43146e+09  2.26153e-12
1.57029e+09  2.26154e-12
1.72259e+09  2.26155e-12
1.88965e+09  2.26155e-12
2.07292e+09  2.26155e-12
2.27397e+09  2.26156e-12
2.49451e+09  2.26156e-12
2.73644e+09  2.26156e-12
3.00184e+09  2.26156e-12
3.29297e+09  2.26156e-12
3.61234e+09  2.26156e-12
3.96269e+09  2.26156e-12
4.34701e+09  2.26156e-12
4.76861e+09  2.26156e-12
5.2311e+09  2.26156e-12
5.73844e+09  2.26155e-12
6.29499e+09  2.26155e-12
6.90551e+09  2.26155e-12
7.57525e+09  2.26154e-12
8.30994e+09  2.26154e-12
9.11589e+09  2.26154e-12
1e+10  2.26153e-12
