100  2.9159e-14
109.699  3.3565e-14
120.338  3.8433e-14
132.009  4.38129e-14
144.812  4.97207e-14
158.857  5.61451e-14
174.263  6.31973e-14
191.164  7.08177e-14
209.705  7.92519e-14
230.043  8.84392e-14
252.354  9.84391e-14
276.829  1.09227e-13
303.677  1.21088e-13
333.129  1.34e-13
365.438  1.48178e-13
400.881  1.63305e-13
439.76  1.79407e-13
482.411  1.97095e-13
529.198  2.16436e-13
580.523  2.37139e-13
636.825  2.59617e-13
698.588  2.8423e-13
766.341  3.10808e-13
840.665  3.39345e-13
922.198  3.70095e-13
1011.64  4.03233e-13
1109.75  4.38953e-13
1217.38  4.77351e-13
1335.45  5.18726e-13
1464.97  5.63141e-13
1607.05  6.10939e-13
1762.91  6.62113e-13
1933.89  7.16955e-13
2121.45  7.75556e-13
2327.2  8.38124e-13
2552.91  9.04973e-13
2800.5  9.76192e-13
3072.11  1.05185e-12
3370.06  1.13198e-12
3696.91  1.21667e-12
4055.46  1.30649e-12
4448.78  1.40091e-12
4880.25  1.5001e-12
5353.57  1.60396e-12
5872.79  1.7123e-12
6442.36  1.825e-12
7067.18  2.00609e-12
7752.6  2.22024e-12
8504.49  2.45453e-12
9329.3  2.711e-12
10234.1  2.99115e-12
11226.7  3.29753e-12
12315.5  3.63118e-12
13509.9  3.99479e-12
14820.2  4.39078e-12
16257.6  4.8216e-12
17834.3  5.2893e-12
19564  5.79746e-12
21461.4  6.34643e-12
23542.9  6.94215e-12
25826.2  7.58523e-12
28331  8.27977e-12
31078.7  9.02941e-12
34092.9  9.83767e-12
37399.4  1.07064e-11
41026.6  1.16416e-11
45005.6  1.26443e-11
49370.5  1.37201e-11
54158.7  1.4872e-11
59411.3  1.61059e-11
65173.4  1.74287e-11
71494.3  1.88424e-11
78428.2  2.03525e-11
86034.6  2.19646e-11
94378.8  2.36813e-11
103532  2.55104e-11
113573  2.74574e-11
124588  2.95308e-11
136672  3.17363e-11
149927  3.40741e-11
164468  3.65514e-11
180419  3.91739e-11
197917  4.19455e-11
217112  4.48742e-11
238169  4.79617e-11
261268  5.12189e-11
286607  5.46375e-11
314404  5.82349e-11
344896  6.2007e-11
378346  6.59696e-11
415040  7.01204e-11
455294  7.44729e-11
499451  7.90228e-11
547890  8.3785e-11
601028  8.87596e-11
659319  9.39605e-11
723263  9.93834e-11
793410  1.05047e-10
870359  1.10945e-10
954772  1.17083e-10
1.04737e+06  1.23488e-10
1.14895e+06  1.30144e-10
1.26038e+06  1.3707e-10
1.38262e+06  1.44271e-10
1.51672e+06  1.51746e-10
1.66382e+06  1.59507e-10
1.82518e+06  1.67574e-10
2.0022e+06  1.75948e-10
2.19639e+06  1.84631e-10
2.4094e+06  1.93648e-10
2.64308e+06  2.02991e-10
2.89942e+06  2.12676e-10
3.18063e+06  2.22708e-10
3.4891e+06  2.33106e-10
3.82749e+06  2.43872e-10
4.19871e+06  2.55016e-10
4.60592e+06  2.66531e-10
5.05263e+06  2.78458e-10
5.54266e+06  2.90807e-10
6.08022e+06  3.03559e-10
6.66992e+06  3.16743e-10
7.31681e+06  3.30394e-10
8.02643e+06  3.44465e-10
8.80488e+06  3.59043e-10
9.65883e+06  3.74091e-10
1.05956e+07  3.89632e-10
1.16232e+07  4.05671e-10
1.27505e+07  4.22226e-10
1.39871e+07  4.39317e-10
1.53437e+07  4.56932e-10
1.68318e+07  4.75156e-10
1.84642e+07  4.93953e-10
2.0255e+07  5.13314e-10
2.22195e+07  5.33272e-10
2.43744e+07  5.53897e-10
2.67384e+07  5.75125e-10
2.93317e+07  5.97014e-10
3.21764e+07  6.19561e-10
3.52971e+07  6.42758e-10
3.87204e+07  6.66637e-10
4.24757e+07  6.91229e-10
4.65953e+07  7.16556e-10
5.11143e+07  7.4264e-10
5.60717e+07  7.69473e-10
6.15099e+07  7.97043e-10
6.74754e+07  8.25424e-10
7.40196e+07  8.54648e-10
8.11984e+07  8.84691e-10
8.90735e+07  9.15549e-10
9.77124e+07  9.47357e-10
1.07189e+08  9.80061e-10
1.17585e+08  1.01365e-09
1.28989e+08  1.04813e-09
1.41499e+08  1.08364e-09
1.55223e+08  1.12013e-09
1.70277e+08  1.15758e-09
1.86791e+08  1.19601e-09
2.04907e+08  1.23552e-09
2.24781e+08  1.27617e-09
2.46581e+08  1.31786e-09
2.70496e+08  1.36066e-09
2.9673e+08  1.40467e-09
3.25509e+08  1.44982e-09
3.57079e+08  1.49624e-09
3.9171e+08  1.54389e-09
4.297e+08  1.59283e-09
4.71375e+08  1.6431e-09
5.17092e+08  1.69469e-09
5.67243e+08  1.74769e-09
6.22257e+08  1.80201e-09
6.82607e+08  1.85746e-09
7.4881e+08  1.91386e-09
8.21434e+08  1.97144e-09
9.01102e+08  2.03033e-09
9.88496e+08  2.09057e-09
1.08437e+09  2.15218e-09
1.18953e+09  2.21566e-09
1.3049e+09  2.2813e-09
1.43146e+09  2.34898e-09
1.57029e+09  2.41885e-09
1.72259e+09  2.49099e-09
1.88965e+09  2.56532e-09
2.07292e+09  2.64176e-09
2.27397e+09  2.72037e-09
2.49451e+09  2.80114e-09
2.73644e+09  2.88416e-09
3.00184e+09  2.96944e-09
3.29297e+09  3.05703e-09
3.61234e+09  3.14694e-09
3.96269e+09  3.23924e-09
4.34701e+09  3.33396e-09
4.76861e+09  3.43113e-09
5.2311e+09  3.53099e-09
5.73844e+09  3.63343e-09
6.29499e+09  3.73849e-09
6.90551e+09  3.84634e-09
7.57525e+09  3.95695e-09
8.30994e+09  4.07059e-09
9.11589e+09  4.18709e-09
1e+10  4.30655e-09
