100  1.15176e-11
109.699  1.26422e-11
120.338  1.38764e-11
132.009  1.5226e-11
144.812  1.67094e-11
158.857  1.83354e-11
174.263  2.01192e-11
191.164  2.2074e-11
209.705  2.42195e-11
230.043  2.65693e-11
252.354  2.91447e-11
276.829  3.19691e-11
303.677  3.50627e-11
333.129  3.84517e-11
365.438  4.21656e-11
400.881  4.62342e-11
439.76  5.0698e-11
482.411  5.55843e-11
529.198  6.09323e-11
580.523  6.6783e-11
636.825  7.3182e-11
698.588  8.0178e-11
766.341  8.7826e-11
840.665  9.61945e-11
922.198  1.05344e-10
1011.64  1.15342e-10
1109.75  1.26266e-10
1217.38  1.38211e-10
1335.45  1.51253e-10
1464.97  1.65485e-10
1607.05  1.81014e-10
1762.91  1.97946e-10
1933.89  2.16402e-10
2121.45  2.36511e-10
2327.2  2.584e-10
2552.91  2.82223e-10
2800.5  3.08148e-10
3072.11  3.36328e-10
3370.06  3.66979e-10
3696.91  4.00276e-10
4055.46  4.36371e-10
4448.78  4.75463e-10
4880.25  5.17822e-10
5353.57  5.65365e-10
5872.79  6.17118e-10
6442.36  6.73363e-10
7067.18  7.34284e-10
7752.6  8.00376e-10
8504.49  8.71937e-10
9329.3  9.49244e-10
10234.1  1.03255e-09
11226.7  1.12233e-09
12315.5  1.21887e-09
13509.9  1.3227e-09
14820.2  1.43425e-09
16257.6  1.5536e-09
17834.3  1.68138e-09
19564  1.81802e-09
21461.4  1.9633e-09
23542.9  2.11763e-09
25826.2  2.28124e-09
28331  2.45496e-09
31078.7  2.63834e-09
34092.9  2.83103e-09
37399.4  3.03302e-09
41026.6  3.24914e-09
45005.6  3.48762e-09
49370.5  3.7413e-09
54158.7  4.00697e-09
59411.3  4.28586e-09
65173.4  4.57984e-09
71494.3  4.88847e-09
78428.2  5.21267e-09
86034.6  5.55214e-09
94378.8  5.9067e-09
103532  6.2789e-09
113573  6.66754e-09
124588  7.07371e-09
136672  7.4969e-09
149927  7.93614e-09
164468  8.39266e-09
180419  8.86643e-09
197917  9.35701e-09
217112  9.86591e-09
238169  1.03928e-08
261268  1.09374e-08
286607  1.15009e-08
314404  1.20824e-08
344896  1.26826e-08
378346  1.33043e-08
415040  1.39485e-08
455294  1.46153e-08
499451  1.53051e-08
547890  1.60205e-08
601028  1.67626e-08
659319  1.75314e-08
723263  1.83275e-08
793410  1.91529e-08
870359  2.00066e-08
954772  2.08898e-08
1.04737e+06  2.18051e-08
1.14895e+06  2.27493e-08
1.26038e+06  2.37262e-08
1.38262e+06  2.47353e-08
1.51672e+06  2.57757e-08
1.66382e+06  2.68519e-08
1.82518e+06  2.79612e-08
2.0022e+06  2.91074e-08
2.19639e+06  3.02911e-08
2.4094e+06  3.15134e-08
2.64308e+06  3.27754e-08
2.89942e+06  3.40781e-08
3.18063e+06  3.54259e-08
3.4891e+06  3.6815e-08
3.82749e+06  3.82525e-08
4.19871e+06  3.97344e-08
4.60592e+06  4.12659e-08
5.05263e+06  4.28488e-08
5.54266e+06  4.44816e-08
6.08022e+06  4.61648e-08
6.66992e+06  4.79067e-08
7.31681e+06  4.97072e-08
8.02643e+06  5.15679e-08
8.80488e+06  5.34876e-08
9.65883e+06  5.54634e-08
1.05956e+07  5.75013e-08
1.16232e+07  5.96019e-08
1.27505e+07  6.17681e-08
1.39871e+07  6.39958e-08
1.53437e+07  6.62951e-08
1.68318e+07  6.86629e-08
1.84642e+07  7.1105e-08
2.0255e+07  7.36188e-08
2.22195e+07  7.6209e-08
2.43744e+07  7.88788e-08
2.67384e+07  8.16261e-08
2.93317e+07  8.44599e-08
3.21764e+07  8.73803e-08
3.52971e+07  9.039e-08
3.87204e+07  9.34884e-08
4.24757e+07  9.66764e-08
4.65953e+07  9.99636e-08
5.11143e+07  1.03344e-07
5.60717e+07  1.06825e-07
6.15099e+07  1.10402e-07
6.74754e+07  1.14083e-07
7.40196e+07  1.17867e-07
8.11984e+07  1.21753e-07
8.90735e+07  1.25755e-07
9.77124e+07  1.29867e-07
1.07189e+08  1.34092e-07
1.17585e+08  1.38436e-07
1.28989e+08  1.42898e-07
1.41499e+08  1.47489e-07
1.55223e+08  1.52212e-07
1.70277e+08  1.57065e-07
1.86791e+08  1.62057e-07
2.04907e+08  1.67184e-07
2.24781e+08  1.72462e-07
2.46581e+08  1.77885e-07
2.70496e+08  1.83452e-07
2.9673e+08  1.89179e-07
3.25509e+08  1.9506e-07
3.57079e+08  2.01103e-07
3.9171e+08  2.07322e-07
4.297e+08  2.13705e-07
4.71375e+08  2.20255e-07
5.17092e+08  2.26999e-07
5.67243e+08  2.33925e-07
6.22257e+08  2.41047e-07
6.82607e+08  2.48362e-07
7.4881e+08  2.55892e-07
8.21434e+08  2.63655e-07
9.01102e+08  2.71653e-07
9.88496e+08  2.79881e-07
1.08437e+09  2.88345e-07
1.18953e+09  2.97033e-07
1.3049e+09  3.05949e-07
1.43146e+09  3.15085e-07
1.57029e+09  3.24457e-07
1.72259e+09  3.34065e-07
1.88965e+09  3.43927e-07
2.07292e+09  3.54032e-07
2.27397e+09  3.64392e-07
2.49451e+09  3.75016e-07
2.73644e+09  3.85922e-07
3.00184e+09  3.97097e-07
3.29297e+09  4.08569e-07
3.61234e+09  4.20339e-07
3.96269e+09  4.32401e-07
4.34701e+09  4.44774e-07
4.76861e+09  4.57445e-07
5.2311e+09  4.70446e-07
5.73844e+09  4.83775e-07
6.29499e+09  4.97423e-07
6.90551e+09  5.11423e-07
7.57525e+09  5.2576e-07
8.30994e+09  5.4044e-07
9.11589e+09  5.5547e-07
1e+10  5.70897e-07
