100  8.95031e-10
109.699  9.72898e-10
120.338  1.05726e-09
132.009  1.14898e-09
144.812  1.24859e-09
158.857  1.35694e-09
174.263  1.47427e-09
191.164  1.6015e-09
209.705  1.73944e-09
230.043  1.88899e-09
252.354  2.05369e-09
276.829  2.23337e-09
303.677  2.42767e-09
333.129  2.63868e-09
365.438  2.86794e-09
400.881  3.11678e-09
439.76  3.38669e-09
482.411  3.68001e-09
529.198  3.99861e-09
580.523  4.34517e-09
636.825  4.72067e-09
698.588  5.12752e-09
766.341  5.56799e-09
840.665  6.04435e-09
922.198  6.55943e-09
1011.64  7.1159e-09
1109.75  7.71712e-09
1217.38  8.3657e-09
1335.45  9.06575e-09
1464.97  9.82113e-09
1607.05  1.06332e-08
1762.91  1.15061e-08
1933.89  1.24437e-08
2121.45  1.34524e-08
2327.2  1.45325e-08
2552.91  1.56915e-08
2800.5  1.69318e-08
3072.11  1.82531e-08
3370.06  1.96618e-08
3696.91  2.11637e-08
4055.46  2.27646e-08
4448.78  2.44581e-08
4880.25  2.62489e-08
5353.57  2.81345e-08
5872.79  3.01163e-08
6442.36  3.21998e-08
7067.18  3.44051e-08
7752.6  3.67089e-08
8504.49  3.91056e-08
9329.3  4.15914e-08
10234.1  4.41889e-08
11226.7  4.68905e-08
12315.5  4.96715e-08
13509.9  5.25368e-08
14820.2  5.54848e-08
16257.6  5.85172e-08
17834.3  6.16156e-08
19564  6.47817e-08
21461.4  6.79828e-08
23542.9  7.12577e-08
25826.2  7.45649e-08
28331  7.78787e-08
31078.7  8.1218e-08
34092.9  8.45928e-08
37399.4  8.79397e-08
41026.6  9.12696e-08
45005.6  9.46206e-08
49370.5  9.79139e-08
54158.7  1.01178e-07
59411.3  1.0439e-07
65173.4  1.07556e-07
71494.3  1.10673e-07
78428.2  1.13699e-07
86034.6  1.16679e-07
94378.8  1.19588e-07
103532  1.22383e-07
113573  1.25064e-07
124588  1.27711e-07
136672  1.30246e-07
149927  1.32654e-07
164468  1.34972e-07
180419  1.37222e-07
197917  1.39346e-07
217112  1.41377e-07
238169  1.433e-07
261268  1.45144e-07
286607  1.46891e-07
314404  1.48546e-07
344896  1.50091e-07
378346  1.51542e-07
415040  1.52934e-07
455294  1.54235e-07
499451  1.55453e-07
547890  1.56578e-07
601028  1.57624e-07
659319  1.58591e-07
723263  1.59531e-07
793410  1.60391e-07
870359  1.61192e-07
954772  1.61927e-07
1.04737e+06  1.626e-07
1.14895e+06  1.63226e-07
1.26038e+06  1.63801e-07
1.38262e+06  1.64336e-07
1.51672e+06  1.64831e-07
1.66382e+06  1.653e-07
1.82518e+06  1.6573e-07
2.0022e+06  1.66122e-07
2.19639e+06  1.6648e-07
2.4094e+06  1.66807e-07
2.64308e+06  1.67107e-07
2.89942e+06  1.67385e-07
3.18063e+06  1.67639e-07
3.4891e+06  1.67871e-07
3.82749e+06  1.68083e-07
4.19871e+06  1.68277e-07
4.60592e+06  1.68456e-07
5.05263e+06  1.68621e-07
5.54266e+06  1.68771e-07
6.08022e+06  1.68909e-07
6.66992e+06  1.69034e-07
7.31681e+06  1.69149e-07
8.02643e+06  1.69253e-07
8.80488e+06  1.69349e-07
9.65883e+06  1.69436e-07
1.05956e+07  1.69516e-07
1.16232e+07  1.69589e-07
1.27505e+07  1.69656e-07
1.39871e+07  1.69717e-07
1.53437e+07  1.69773e-07
1.68318e+07  1.69823e-07
1.84642e+07  1.6987e-07
2.0255e+07  1.69912e-07
2.22195e+07  1.6995e-07
2.43744e+07  1.69985e-07
2.67384e+07  1.70017e-07
2.93317e+07  1.70046e-07
3.21764e+07  1.70073e-07
3.52971e+07  1.70097e-07
3.87204e+07  1.70119e-07
4.24757e+07  1.70138e-07
4.65953e+07  1.70157e-07
5.11143e+07  1.70173e-07
5.60717e+07  1.70188e-07
6.15099e+07  1.70202e-07
6.74754e+07  1.70215e-07
7.40196e+07  1.70227e-07
8.11984e+07  1.70238e-07
8.90735e+07  1.70248e-07
9.77124e+07  1.70257e-07
1.07189e+08  1.70265e-07
1.17585e+08  1.70273e-07
1.28989e+08  1.7028e-07
1.41499e+08  1.70286e-07
1.55223e+08  1.70292e-07
1.70277e+08  1.70297e-07
1.86791e+08  1.70302e-07
2.04907e+08  1.70307e-07
2.24781e+08  1.70311e-07
2.46581e+08  1.70314e-07
2.70496e+08  1.70318e-07
2.9673e+08  1.70321e-07
3.25509e+08  1.70324e-07
3.57079e+08  1.70326e-07
3.9171e+08  1.70329e-07
4.297e+08  1.70331e-07
4.71375e+08  1.70333e-07
5.17092e+08  1.70334e-07
5.67243e+08  1.70336e-07
6.22257e+08  1.70337e-07
6.82607e+08  1.70339e-07
7.4881e+08  1.7034e-07
8.21434e+08  1.70341e-07
9.01102e+08  1.70342e-07
9.88496e+08  1.70343e-07
1.08437e+09  1.70343e-07
1.18953e+09  1.70344e-07
1.3049e+09  1.70345e-07
1.43146e+09  1.70345e-07
1.57029e+09  1.70346e-07
1.72259e+09  1.70346e-07
1.88965e+09  1.70347e-07
2.07292e+09  1.70347e-07
2.27397e+09  1.70347e-07
2.49451e+09  1.70347e-07
2.73644e+09  1.70347e-07
3.00184e+09  1.70348e-07
3.29297e+09  1.70348e-07
3.61234e+09  1.70348e-07
3.96269e+09  1.70348e-07
4.34701e+09  1.70348e-07
4.76861e+09  1.70347e-07
5.2311e+09  1.70347e-07
5.73844e+09  1.70347e-07
6.29499e+09  1.70347e-07
6.90551e+09  1.70347e-07
7.57525e+09  1.70346e-07
8.30994e+09  1.70346e-07
9.11589e+09  1.70346e-07
1e+10  1.70346e-07
