100  1.44396e-14
109.699  2.21225e-14
120.338  3.25962e-14
132.009  4.64276e-14
144.812  6.42813e-14
158.857  8.73046e-14
174.263  1.16396e-13
191.164  1.53189e-13
209.705  1.99397e-13
230.043  2.57082e-13
252.354  3.28172e-13
276.829  4.15361e-13
303.677  5.2203e-13
333.129  6.51306e-13
365.438  8.07228e-13
400.881  9.94447e-13
439.76  1.21794e-12
482.411  1.48323e-12
529.198  1.79726e-12
580.523  2.16633e-12
636.825  2.59841e-12
698.588  3.10452e-12
766.341  3.69403e-12
840.665  4.37745e-12
922.198  5.17022e-12
1011.64  6.08543e-12
1109.75  7.14164e-12
1217.38  8.35563e-12
1335.45  9.74528e-12
1464.97  1.1331e-11
1607.05  1.31273e-11
1762.91  1.51567e-11
1933.89  1.74585e-11
2121.45  2.0058e-11
2327.2  2.29672e-11
2552.91  2.62338e-11
2800.5  2.98851e-11
3072.11  3.3954e-11
3370.06  3.88196e-11
3696.91  4.43229e-11
4055.46  5.04896e-11
4448.78  5.73733e-11
4880.25  6.50583e-11
5353.57  7.3619e-11
5872.79  8.31572e-11
6442.36  9.37535e-11
7067.18  1.05485e-10
7752.6  1.18509e-10
8504.49  1.32894e-10
9329.3  1.4876e-10
10234.1  1.66218e-10
11226.7  1.85427e-10
12315.5  2.06536e-10
13509.9  2.29689e-10
14820.2  2.54916e-10
16257.6  2.82506e-10
17834.3  3.12434e-10
19564  3.46347e-10
21461.4  3.84104e-10
23542.9  4.25254e-10
25826.2  4.69995e-10
28331  5.18756e-10
31078.7  5.71837e-10
34092.9  6.29665e-10
37399.4  6.92422e-10
41026.6  7.60737e-10
45005.6  8.3463e-10
49370.5  9.14591e-10
54158.7  1.00132e-09
59411.3  1.09478e-09
65173.4  1.19562e-09
71494.3  1.30423e-09
78428.2  1.42108e-09
86034.6  1.54651e-09
94378.8  1.6811e-09
103532  1.82573e-09
113573  1.98039e-09
124588  2.14608e-09
136672  2.32292e-09
149927  2.51166e-09
164468  2.71297e-09
180419  2.92682e-09
197917  3.1548e-09
217112  3.39665e-09
238169  3.65379e-09
261268  3.92622e-09
286607  4.21488e-09
314404  4.52035e-09
344896  4.84329e-09
378346  5.18494e-09
415040  5.54474e-09
455294  5.92516e-09
499451  6.3253e-09
547890  6.74769e-09
601028  7.19169e-09
659319  7.65904e-09
723263  8.14956e-09
793410  8.66491e-09
870359  9.20606e-09
954772  9.77299e-09
1.04737e+06  1.03685e-08
1.14895e+06  1.09917e-08
1.26038e+06  1.16443e-08
1.38262e+06  1.23283e-08
1.51672e+06  1.30417e-08
1.66382e+06  1.37891e-08
1.82518e+06  1.45703e-08
2.0022e+06  1.53847e-08
2.19639e+06  1.62368e-08
2.4094e+06  1.71258e-08
2.64308e+06  1.80531e-08
2.89942e+06  1.90203e-08
3.18063e+06  2.00274e-08
3.4891e+06  2.10788e-08
3.82749e+06  2.21742e-08
4.19871e+06  2.33118e-08
4.60592e+06  2.44993e-08
5.05263e+06  2.57355e-08
5.54266e+06  2.70185e-08
6.08022e+06  2.83546e-08
6.66992e+06  2.97429e-08
7.31681e+06  3.11867e-08
8.02643e+06  3.26858e-08
8.80488e+06  3.42447e-08
9.65883e+06  3.58605e-08
1.05956e+07  3.75389e-08
1.16232e+07  3.92834e-08
1.27505e+07  4.10923e-08
1.39871e+07  4.29668e-08
1.53437e+07  4.49118e-08
1.68318e+07  4.69267e-08
1.84642e+07  4.90147e-08
2.0255e+07  5.11813e-08
2.22195e+07  5.34275e-08
2.43744e+07  5.575e-08
2.67384e+07  5.8151e-08
2.93317e+07  6.06435e-08
3.21764e+07  6.32204e-08
3.52971e+07  6.58909e-08
3.87204e+07  6.86494e-08
4.24757e+07  7.15045e-08
4.65953e+07  7.44557e-08
5.11143e+07  7.7508e-08
5.60717e+07  8.06577e-08
6.15099e+07  8.39185e-08
6.74754e+07  8.72876e-08
7.40196e+07  9.07632e-08
8.11984e+07  9.43531e-08
8.90735e+07  9.80659e-08
9.77124e+07  1.01897e-07
1.07189e+08  1.05846e-07
1.17585e+08  1.09925e-07
1.28989e+08  1.14138e-07
1.41499e+08  1.18486e-07
1.55223e+08  1.22975e-07
1.70277e+08  1.27606e-07
1.86791e+08  1.3238e-07
2.04907e+08  1.37306e-07
2.24781e+08  1.42385e-07
2.46581e+08  1.4762e-07
2.70496e+08  1.53025e-07
2.9673e+08  1.58591e-07
3.25509e+08  1.64339e-07
3.57079e+08  1.70267e-07
3.9171e+08  1.76374e-07
4.297e+08  1.82663e-07
4.71375e+08  1.89139e-07
5.17092e+08  1.95809e-07
5.67243e+08  2.02682e-07
6.22257e+08  2.09767e-07
6.82607e+08  2.17062e-07
7.4881e+08  2.24572e-07
8.21434e+08  2.3231e-07
9.01102e+08  2.40282e-07
9.88496e+08  2.48488e-07
1.08437e+09  2.56932e-07
1.18953e+09  2.65617e-07
1.3049e+09  2.74545e-07
1.43146e+09  2.83735e-07
1.57029e+09  2.93201e-07
1.72259e+09  3.02937e-07
1.88965e+09  3.12948e-07
2.07292e+09  3.2324e-07
2.27397e+09  3.33841e-07
2.49451e+09  3.44733e-07
2.73644e+09  3.55933e-07
3.00184e+09  3.67451e-07
3.29297e+09  3.79284e-07
3.61234e+09  3.9144e-07
3.96269e+09  4.03938e-07
4.34701e+09  4.16788e-07
4.76861e+09  4.29985e-07
5.2311e+09  4.43553e-07
5.73844e+09  4.57489e-07
6.29499e+09  4.718e-07
6.90551e+09  4.86518e-07
7.57525e+09  5.0163e-07
8.30994e+09  5.17145e-07
9.11589e+09  5.33077e-07
1e+10  5.49443e-07
