100  1.93296e-16
109.699  2.52392e-16
120.338  3.2172e-16
132.009  4.0399e-16
144.812  5.0019e-16
158.857  6.1124e-16
174.263  7.38331e-16
191.164  8.83704e-16
209.705  1.04833e-15
230.043  1.2337e-15
252.354  1.44046e-15
276.829  1.66995e-15
303.677  1.92441e-15
333.129  2.20545e-15
365.438  2.51753e-15
400.881  2.86372e-15
439.76  3.2476e-15
482.411  3.67137e-15
529.198  4.13839e-15
580.523  4.65193e-15
636.825  5.21558e-15
698.588  5.83332e-15
766.341  6.50783e-15
840.665  7.24666e-15
922.198  8.05828e-15
1011.64  8.94554e-15
1109.75  9.91543e-15
1217.38  1.09775e-14
1335.45  1.21374e-14
1464.97  1.34032e-14
1607.05  1.47869e-14
1762.91  1.6294e-14
1933.89  1.79396e-14
2121.45  1.973e-14
2327.2  2.16823e-14
2552.91  2.38032e-14
2800.5  2.61138e-14
3072.11  2.86206e-14
3370.06  3.1349e-14
3696.91  3.43083e-14
4055.46  3.75167e-14
4448.78  4.09981e-14
4880.25  4.47578e-14
5353.57  4.88297e-14
5872.79  5.32194e-14
6442.36  5.79575e-14
7067.18  6.30767e-14
7752.6  6.85756e-14
8504.49  7.45078e-14
9329.3  8.08699e-14
10234.1  8.77011e-14
11226.7  9.50137e-14
12315.5  1.02834e-13
13509.9  1.11251e-13
14820.2  1.20261e-13
16257.6  1.29869e-13
17834.3  1.40221e-13
19564  1.51357e-13
21461.4  1.6317e-13
23542.9  1.75677e-13
25826.2  1.88981e-13
28331  2.03064e-13
31078.7  2.17992e-13
34092.9  2.33766e-13
37399.4  2.50411e-13
41026.6  2.67927e-13
45005.6  2.86386e-13
49370.5  3.05873e-13
54158.7  3.26366e-13
59411.3  3.47861e-13
65173.4  3.70353e-13
71494.3  3.93921e-13
78428.2  4.18485e-13
86034.6  4.44159e-13
94378.8  4.70936e-13
103532  4.98783e-13
113573  5.27694e-13
124588  5.57642e-13
136672  5.88643e-13
149927  6.20725e-13
164468  6.53883e-13
180419  6.88064e-13
197917  7.23276e-13
217112  7.59484e-13
238169  7.9661e-13
261268  8.34706e-13
286607  8.73789e-13
314404  9.13791e-13
344896  9.54682e-13
378346  9.96542e-13
415040  1.03942e-12
455294  1.08321e-12
499451  1.12807e-12
547890  1.17417e-12
601028  1.2214e-12
659319  1.26997e-12
723263  1.31989e-12
793410  1.37142e-12
870359  1.42441e-12
954772  1.47911e-12
1.04737e+06  1.53543e-12
1.14895e+06  1.59341e-12
1.26038e+06  1.65318e-12
1.38262e+06  1.71482e-12
1.51672e+06  1.77835e-12
1.66382e+06  1.84399e-12
1.82518e+06  1.91175e-12
2.0022e+06  1.98174e-12
2.19639e+06  2.05406e-12
2.4094e+06  2.12889e-12
2.64308e+06  2.20619e-12
2.89942e+06  2.28606e-12
3.18063e+06  2.36869e-12
3.4891e+06  2.45415e-12
3.82749e+06  2.54253e-12
4.19871e+06  2.63404e-12
4.60592e+06  2.72862e-12
5.05263e+06  2.82636e-12
5.54266e+06  2.92722e-12
6.08022e+06  3.03154e-12
6.66992e+06  3.1394e-12
7.31681e+06  3.25098e-12
8.02643e+06  3.36631e-12
8.80488e+06  3.48517e-12
9.65883e+06  3.60763e-12
1.05956e+07  3.734e-12
1.16232e+07  3.86416e-12
1.27505e+07  3.99822e-12
1.39871e+07  4.13628e-12
1.53437e+07  4.27867e-12
1.68318e+07  4.42533e-12
1.84642e+07  4.57625e-12
2.0255e+07  4.7316e-12
2.22195e+07  4.89171e-12
2.43744e+07  5.05674e-12
2.67384e+07  5.22655e-12
2.93317e+07  5.40126e-12
3.21764e+07  5.5813e-12
3.52971e+07  5.76662e-12
3.87204e+07  5.95721e-12
4.24757e+07  6.1533e-12
4.65953e+07  6.35503e-12
5.11143e+07  6.5627e-12
5.60717e+07  6.77622e-12
6.15099e+07  6.99572e-12
6.74754e+07  7.22134e-12
7.40196e+07  7.45327e-12
8.11984e+07  7.69208e-12
8.90735e+07  7.93763e-12
9.77124e+07  8.1899e-12
1.07189e+08  8.44917e-12
1.17585e+08  8.71568e-12
1.28989e+08  8.9899e-12
1.41499e+08  9.27179e-12
1.55223e+08  9.56148e-12
1.70277e+08  9.8593e-12
1.86791e+08  1.01655e-11
2.04907e+08  1.04801e-11
2.24781e+08  1.08039e-11
2.46581e+08  1.11367e-11
2.70496e+08  1.14786e-11
2.9673e+08  1.18298e-11
3.25509e+08  1.21907e-11
3.57079e+08  1.25619e-11
3.9171e+08  1.29434e-11
4.297e+08  1.33353e-11
4.71375e+08  1.37376e-11
5.17092e+08  1.41508e-11
5.67243e+08  1.4575e-11
6.22257e+08  1.50106e-11
6.82607e+08  1.54586e-11
7.4881e+08  1.59198e-11
8.21434e+08  1.63938e-11
9.01102e+08  1.68807e-11
9.88496e+08  1.73809e-11
1.08437e+09  1.78943e-11
1.18953e+09  1.84214e-11
1.3049e+09  1.89622e-11
1.43146e+09  1.95168e-11
1.57029e+09  2.00859e-11
1.72259e+09  2.067e-11
1.88965e+09  2.12694e-11
2.07292e+09  2.18844e-11
2.27397e+09  2.25155e-11
2.49451e+09  2.31636e-11
2.73644e+09  2.3829e-11
3.00184e+09  2.45112e-11
3.29297e+09  2.52105e-11
3.61234e+09  2.59273e-11
3.96269e+09  2.66626e-11
4.34701e+09  2.74164e-11
4.76861e+09  2.81886e-11
5.2311e+09  2.89799e-11
5.73844e+09  2.97907e-11
6.29499e+09  3.06213e-11
6.90551e+09  3.14717e-11
7.57525e+09  3.23426e-11
8.30994e+09  3.32345e-11
9.11589e+09  3.41492e-11
1e+10  3.50857e-11
