100  1.84624e-11
109.699  2.01725e-11
120.338  2.20458e-11
132.009  2.40899e-11
144.812  2.63299e-11
158.857  2.87753e-11
174.263  3.14491e-11
191.164  3.43738e-11
209.705  3.75692e-11
230.043  4.1067e-11
252.354  4.48872e-11
276.829  4.90672e-11
303.677  5.36361e-11
333.129  5.86246e-11
365.438  6.40799e-11
400.881  7.00567e-11
439.76  7.65953e-11
482.411  8.37462e-11
529.198  9.15553e-11
580.523  1.00078e-10
636.825  1.0938e-10
698.588  1.19531e-10
766.341  1.30639e-10
840.665  1.42762e-10
922.198  1.55985e-10
1011.64  1.70397e-10
1109.75  1.86114e-10
1217.38  2.03263e-10
1335.45  2.21981e-10
1464.97  2.42399e-10
1607.05  2.64639e-10
1762.91  2.88845e-10
1933.89  3.15227e-10
2121.45  3.43952e-10
2327.2  3.75223e-10
2552.91  4.09262e-10
2800.5  4.46265e-10
3072.11  4.86526e-10
3370.06  5.30234e-10
3696.91  5.77696e-10
4055.46  6.29284e-10
4448.78  6.85316e-10
4880.25  7.45952e-10
5353.57  8.1152e-10
5872.79  8.82494e-10
6442.36  9.59451e-10
7067.18  1.04243e-09
7752.6  1.13191e-09
8504.49  1.22812e-09
9329.3  1.33136e-09
10234.1  1.4423e-09
11226.7  1.56166e-09
12315.5  1.68961e-09
13509.9  1.82623e-09
14820.2  1.97184e-09
16257.6  2.12651e-09
17834.3  2.29074e-09
19564  2.46435e-09
21461.4  2.64909e-09
23542.9  2.86235e-09
25826.2  3.08922e-09
28331  3.33036e-09
31078.7  3.58506e-09
34092.9  3.85453e-09
37399.4  4.13937e-09
41026.6  4.43866e-09
45005.6  4.75416e-09
49370.5  5.0837e-09
54158.7  5.42694e-09
59411.3  5.78537e-09
65173.4  6.15753e-09
71494.3  6.54154e-09
78428.2  6.93635e-09
86034.6  7.38297e-09
94378.8  7.8534e-09
103532  8.33825e-09
113573  8.84306e-09
124588  9.36751e-09
136672  9.91221e-09
149927  1.04785e-08
164468  1.10631e-08
180419  1.16694e-08
197917  1.22972e-08
217112  1.29451e-08
238169  1.36136e-08
261268  1.43019e-08
286607  1.5008e-08
314404  1.57335e-08
344896  1.64798e-08
378346  1.72467e-08
415040  1.80342e-08
455294  1.8842e-08
499451  1.96688e-08
547890  2.05162e-08
601028  2.13876e-08
659319  2.2284e-08
723263  2.32075e-08
793410  2.41552e-08
870359  2.51335e-08
954772  2.61459e-08
1.04737e+06  2.71911e-08
1.14895e+06  2.82696e-08
1.26038e+06  2.93847e-08
1.38262e+06  3.05366e-08
1.51672e+06  3.17283e-08
1.66382e+06  3.29585e-08
1.82518e+06  3.42289e-08
2.0022e+06  3.55435e-08
2.19639e+06  3.69035e-08
2.4094e+06  3.83105e-08
2.64308e+06  3.97682e-08
2.89942e+06  4.12757e-08
3.18063e+06  4.28345e-08
3.4891e+06  4.44486e-08
3.82749e+06  4.61205e-08
4.19871e+06  4.78509e-08
4.60592e+06  4.96412e-08
5.05263e+06  5.14934e-08
5.54266e+06  5.34131e-08
6.08022e+06  5.53993e-08
6.66992e+06  5.74515e-08
7.31681e+06  5.95736e-08
8.02643e+06  6.17684e-08
8.80488e+06  6.40396e-08
9.65883e+06  6.63881e-08
1.05956e+07  6.88109e-08
1.16232e+07  7.13107e-08
1.27505e+07  7.38942e-08
1.39871e+07  7.65575e-08
1.53437e+07  7.93025e-08
1.68318e+07  8.21321e-08
1.84642e+07  8.50465e-08
2.0255e+07  8.80498e-08
2.22195e+07  9.11475e-08
2.43744e+07  9.43436e-08
2.67384e+07  9.76347e-08
2.93317e+07  1.01023e-07
3.21764e+07  1.04519e-07
3.52971e+07  1.08118e-07
3.87204e+07  1.11826e-07
4.24757e+07  1.15644e-07
4.65953e+07  1.19578e-07
5.11143e+07  1.2363e-07
5.60717e+07  1.27798e-07
6.15099e+07  1.32085e-07
6.74754e+07  1.36501e-07
7.40196e+07  1.4105e-07
8.11984e+07  1.45728e-07
8.90735e+07  1.50539e-07
9.77124e+07  1.55489e-07
1.07189e+08  1.60584e-07
1.17585e+08  1.65821e-07
1.28989e+08  1.71208e-07
1.41499e+08  1.76748e-07
1.55223e+08  1.82449e-07
1.70277e+08  1.88316e-07
1.86791e+08  1.94349e-07
2.04907e+08  2.0055e-07
2.24781e+08  2.06931e-07
2.46581e+08  2.13496e-07
2.70496e+08  2.20249e-07
2.9673e+08  2.27193e-07
3.25509e+08  2.3433e-07
3.57079e+08  2.41666e-07
3.9171e+08  2.49206e-07
4.297e+08  2.56967e-07
4.71375e+08  2.64944e-07
5.17092e+08  2.73137e-07
5.67243e+08  2.81553e-07
6.22257e+08  2.90219e-07
6.82607e+08  2.9912e-07
7.4881e+08  3.08258e-07
8.21434e+08  3.17651e-07
9.01102e+08  3.27306e-07
9.88496e+08  3.37233e-07
1.08437e+09  3.47436e-07
1.18953e+09  3.5792e-07
1.3049e+09  3.68702e-07
1.43146e+09  3.79774e-07
1.57029e+09  3.9114e-07
1.72259e+09  4.02802e-07
1.88965e+09  4.14785e-07
2.07292e+09  4.27088e-07
2.27397e+09  4.39716e-07
2.49451e+09  4.52679e-07
2.73644e+09  4.65985e-07
3.00184e+09  4.79638e-07
3.29297e+09  4.93651e-07
3.61234e+09  5.08036e-07
3.96269e+09  5.22795e-07
4.34701e+09  5.37947e-07
4.76861e+09  5.53482e-07
5.2311e+09  5.69405e-07
5.73844e+09  5.85737e-07
6.29499e+09  6.02491e-07
6.90551e+09  6.19661e-07
7.57525e+09  6.37263e-07
8.30994e+09  6.55302e-07
9.11589e+09  6.73783e-07
1e+10  6.92715e-07
