100  7.54858e-17
109.699  9.43897e-17
120.338  1.1717e-16
132.009  1.44323e-16
144.812  1.76567e-16
158.857  2.14929e-16
174.263  2.60022e-16
191.164  3.12846e-16
209.705  3.74558e-16
230.043  4.46642e-16
252.354  5.3022e-16
276.829  6.26771e-16
303.677  7.38053e-16
333.129  8.66709e-16
365.438  1.01471e-15
400.881  1.18407e-15
439.76  1.37713e-15
482.411  1.59736e-15
529.198  1.84848e-15
580.523  2.13475e-15
636.825  2.46145e-15
698.588  2.8288e-15
766.341  3.2437e-15
840.665  3.70695e-15
922.198  4.22488e-15
1011.64  4.80387e-15
1109.75  5.45308e-15
1217.38  6.17983e-15
1335.45  6.99398e-15
1464.97  7.90534e-15
1607.05  8.93846e-15
1762.91  1.00816e-14
1933.89  1.13593e-14
2121.45  1.2773e-14
2327.2  1.43372e-14
2552.91  1.60691e-14
2800.5  1.79835e-14
3072.11  2.01008e-14
3370.06  2.24331e-14
3696.91  2.50148e-14
4055.46  2.78423e-14
4448.78  3.09565e-14
4880.25  3.43683e-14
5353.57  3.81093e-14
5872.79  4.22079e-14
6442.36  4.66821e-14
7067.18  5.15969e-14
7752.6  5.69419e-14
8504.49  6.27436e-14
9329.3  6.90635e-14
10234.1  7.5898e-14
11226.7  8.33182e-14
12315.5  9.13785e-14
13509.9  1.00063e-13
14820.2  1.09405e-13
16257.6  1.1948e-13
17834.3  1.30288e-13
19564  1.41965e-13
21461.4  1.54477e-13
23542.9  1.67842e-13
25826.2  1.82101e-13
28331  1.97363e-13
31078.7  2.13665e-13
34092.9  2.30976e-13
37399.4  2.49328e-13
41026.6  2.68814e-13
45005.6  2.89557e-13
49370.5  3.11458e-13
54158.7  3.34548e-13
59411.3  3.58981e-13
65173.4  3.84857e-13
71494.3  4.12074e-13
78428.2  4.40634e-13
86034.6  4.70904e-13
94378.8  5.02575e-13
103532  5.35669e-13
113573  5.70635e-13
124588  6.07369e-13
136672  6.45589e-13
149927  6.85478e-13
164468  7.27607e-13
180419  7.71332e-13
197917  8.16956e-13
217112  8.64981e-13
238169  9.14648e-13
261268  9.66686e-13
286607  1.02105e-12
314404  1.07721e-12
344896  1.13614e-12
378346  1.19723e-12
415040  1.26076e-12
455294  1.3271e-12
499451  1.39606e-12
547890  1.46731e-12
601028  1.54209e-12
659319  1.6189e-12
723263  1.69923e-12
793410  1.78229e-12
870359  1.86852e-12
954772  1.95827e-12
1.04737e+06  2.05116e-12
1.14895e+06  2.14707e-12
1.26038e+06  2.24722e-12
1.38262e+06  2.35011e-12
1.51672e+06  2.45729e-12
1.66382e+06  2.56825e-12
1.82518e+06  2.68251e-12
2.0022e+06  2.80224e-12
2.19639e+06  2.92469e-12
2.4094e+06  3.05218e-12
2.64308e+06  3.184e-12
2.89942e+06  3.31942e-12
3.18063e+06  3.46123e-12
3.4891e+06  3.60606e-12
3.82749e+06  3.7564e-12
4.19871e+06  3.91201e-12
4.60592e+06  4.07213e-12
5.05263e+06  4.23843e-12
5.54266e+06  4.409e-12
6.08022e+06  4.58591e-12
6.66992e+06  4.76829e-12
7.31681e+06  4.95694e-12
8.02643e+06  5.15079e-12
8.80488e+06  5.35019e-12
9.65883e+06  5.55772e-12
1.05956e+07  5.76904e-12
1.16232e+07  5.98979e-12
1.27505e+07  6.21592e-12
1.39871e+07  6.44755e-12
1.53437e+07  6.68936e-12
1.68318e+07  6.9355e-12
1.84642e+07  7.1909e-12
2.0255e+07  7.45411e-12
2.22195e+07  7.72437e-12
2.43744e+07  8.00336e-12
2.67384e+07  8.28985e-12
2.93317e+07  8.58749e-12
3.21764e+07  8.89013e-12
3.52971e+07  9.20584e-12
3.87204e+07  9.52914e-12
4.24757e+07  9.85912e-12
4.65953e+07  1.02038e-11
5.11143e+07  1.05545e-11
5.60717e+07  1.09188e-11
6.15099e+07  1.12914e-11
6.74754e+07  1.16767e-11
7.40196e+07  1.20719e-11
8.11984e+07  1.24768e-11
8.90735e+07  1.28983e-11
9.77124e+07  1.33264e-11
1.07189e+08  1.37686e-11
1.17585e+08  1.42241e-11
1.28989e+08  1.46965e-11
1.41499e+08  1.51793e-11
1.55223e+08  1.56713e-11
1.70277e+08  1.61833e-11
1.86791e+08  1.67028e-11
2.04907e+08  1.72407e-11
2.24781e+08  1.77915e-11
2.46581e+08  1.8356e-11
2.70496e+08  1.89379e-11
2.9673e+08  1.95345e-11
3.25509e+08  2.01522e-11
3.57079e+08  2.07782e-11
3.9171e+08  2.14241e-11
4.297e+08  2.20887e-11
4.71375e+08  2.2772e-11
5.17092e+08  2.34711e-11
5.67243e+08  2.41847e-11
6.22257e+08  2.49267e-11
6.82607e+08  2.56779e-11
7.4881e+08  2.64562e-11
8.21434e+08  2.72533e-11
9.01102e+08  2.80681e-11
9.88496e+08  2.89052e-11
1.08437e+09  2.97634e-11
1.18953e+09  3.06514e-11
1.3049e+09  3.15494e-11
1.43146e+09  3.24736e-11
1.57029e+09  3.34258e-11
1.72259e+09  3.44046e-11
1.88965e+09  3.54036e-11
2.07292e+09  3.6423e-11
2.27397e+09  3.7482e-11
2.49451e+09  3.85531e-11
2.73644e+09  3.96641e-11
3.00184e+09  4.07986e-11
3.29297e+09  4.19556e-11
3.61234e+09  4.31557e-11
3.96269e+09  4.43711e-11
4.34701e+09  4.56292e-11
4.76861e+09  4.69157e-11
5.2311e+09  4.82298e-11
5.73844e+09  4.95842e-11
6.29499e+09  5.09612e-11
6.90551e+09  5.23854e-11
7.57525e+09  5.38328e-11
8.30994e+09  5.5331e-11
9.11589e+09  5.68573e-11
1e+10  5.84101e-11
