100  1.17934e-11
109.699  1.29401e-11
120.338  1.41949e-11
132.009  1.55684e-11
144.812  1.7077e-11
158.857  1.87302e-11
174.263  2.05428e-11
191.164  2.25276e-11
209.705  2.47049e-11
230.043  2.70884e-11
252.354  2.97041e-11
276.829  3.25676e-11
303.677  3.57051e-11
333.129  3.914e-11
365.438  4.29041e-11
400.881  4.70281e-11
439.76  5.15502e-11
482.411  5.65023e-11
529.198  6.19204e-11
580.523  6.78568e-11
636.825  7.43486e-11
698.588  8.14441e-11
766.341  8.9199e-11
840.665  9.7671e-11
922.198  1.06925e-10
1011.64  1.17031e-10
1109.75  1.28062e-10
1217.38  1.40102e-10
1335.45  1.53246e-10
1464.97  1.67611e-10
1607.05  1.83277e-10
1762.91  2.00356e-10
1933.89  2.19004e-10
2121.45  2.39325e-10
2327.2  2.61443e-10
2552.91  2.85516e-10
2800.5  3.11684e-10
3072.11  3.40143e-10
3370.06  3.7105e-10
3696.91  4.04589e-10
4055.46  4.4093e-10
4448.78  4.80272e-10
4880.25  5.22848e-10
5353.57  5.68952e-10
5872.79  6.20273e-10
6442.36  6.76915e-10
7067.18  7.38281e-10
7752.6  8.04712e-10
8504.49  8.76628e-10
9329.3  9.54341e-10
10234.1  1.03808e-09
11226.7  1.1283e-09
12315.5  1.22533e-09
13509.9  1.3298e-09
14820.2  1.44188e-09
16257.6  1.56184e-09
17834.3  1.69009e-09
19564  1.82742e-09
21461.4  1.97333e-09
23542.9  2.12843e-09
25826.2  2.29261e-09
28331  2.46651e-09
31078.7  2.65059e-09
34092.9  2.84399e-09
37399.4  3.04667e-09
41026.6  3.25872e-09
45005.6  3.49354e-09
49370.5  3.74775e-09
54158.7  4.01398e-09
59411.3  4.29299e-09
65173.4  4.58658e-09
71494.3  4.89526e-09
78428.2  5.21911e-09
86034.6  5.55872e-09
94378.8  5.91329e-09
103532  6.28536e-09
113573  6.67409e-09
124588  7.07985e-09
136672  7.50235e-09
149927  7.94114e-09
164468  8.39656e-09
180419  8.86915e-09
197917  9.35883e-09
217112  9.86686e-09
238169  1.03932e-08
261268  1.09375e-08
286607  1.15004e-08
314404  1.20814e-08
344896  1.26808e-08
378346  1.33022e-08
415040  1.39459e-08
455294  1.46123e-08
499451  1.53014e-08
547890  1.60162e-08
601028  1.67572e-08
659319  1.75254e-08
723263  1.83215e-08
793410  1.91462e-08
870359  1.99994e-08
954772  2.08825e-08
1.04737e+06  2.17974e-08
1.14895e+06  2.27412e-08
1.26038e+06  2.37181e-08
1.38262e+06  2.47269e-08
1.51672e+06  2.57671e-08
1.66382e+06  2.68433e-08
1.82518e+06  2.79527e-08
2.0022e+06  2.90988e-08
2.19639e+06  3.02827e-08
2.4094e+06  3.15049e-08
2.64308e+06  3.27669e-08
2.89942e+06  3.40697e-08
3.18063e+06  3.54176e-08
3.4891e+06  3.68068e-08
3.82749e+06  3.82443e-08
4.19871e+06  3.97263e-08
4.60592e+06  4.1258e-08
5.05263e+06  4.2841e-08
5.54266e+06  4.44741e-08
6.08022e+06  4.61574e-08
6.66992e+06  4.78995e-08
7.31681e+06  4.97001e-08
8.02643e+06  5.15609e-08
8.80488e+06  5.34808e-08
9.65883e+06  5.54568e-08
1.05956e+07  5.74949e-08
1.16232e+07  5.95956e-08
1.27505e+07  6.17619e-08
1.39871e+07  6.39899e-08
1.53437e+07  6.62892e-08
1.68318e+07  6.86573e-08
1.84642e+07  7.10996e-08
2.0255e+07  7.36135e-08
2.22195e+07  7.62039e-08
2.43744e+07  7.88738e-08
2.67384e+07  8.16212e-08
2.93317e+07  8.44553e-08
3.21764e+07  8.73758e-08
3.52971e+07  9.03856e-08
3.87204e+07  9.3484e-08
4.24757e+07  9.66722e-08
4.65953e+07  9.99595e-08
5.11143e+07  1.0334e-07
5.60717e+07  1.06821e-07
6.15099e+07  1.10398e-07
6.74754e+07  1.14079e-07
7.40196e+07  1.17864e-07
8.11984e+07  1.2175e-07
8.90735e+07  1.25752e-07
9.77124e+07  1.29864e-07
1.07189e+08  1.34089e-07
1.17585e+08  1.38433e-07
1.28989e+08  1.42895e-07
1.41499e+08  1.47486e-07
1.55223e+08  1.52209e-07
1.70277e+08  1.57063e-07
1.86791e+08  1.62055e-07
2.04907e+08  1.67182e-07
2.24781e+08  1.7246e-07
2.46581e+08  1.77883e-07
2.70496e+08  1.8345e-07
2.9673e+08  1.89177e-07
3.25509e+08  1.95058e-07
3.57079e+08  2.01102e-07
3.9171e+08  2.0732e-07
4.297e+08  2.13703e-07
4.71375e+08  2.20254e-07
5.17092e+08  2.26997e-07
5.67243e+08  2.33923e-07
6.22257e+08  2.41045e-07
6.82607e+08  2.48361e-07
7.4881e+08  2.55891e-07
8.21434e+08  2.63653e-07
9.01102e+08  2.71652e-07
9.88496e+08  2.7988e-07
1.08437e+09  2.88344e-07
1.18953e+09  2.97032e-07
1.3049e+09  3.05948e-07
1.43146e+09  3.15084e-07
1.57029e+09  3.24456e-07
1.72259e+09  3.34065e-07
1.88965e+09  3.43926e-07
2.07292e+09  3.54032e-07
2.27397e+09  3.64392e-07
2.49451e+09  3.75015e-07
2.73644e+09  3.85921e-07
3.00184e+09  3.97096e-07
3.29297e+09  4.08568e-07
3.61234e+09  4.20338e-07
3.96269e+09  4.324e-07
4.34701e+09  4.44773e-07
4.76861e+09  4.57444e-07
5.2311e+09  4.70445e-07
5.73844e+09  4.83774e-07
6.29499e+09  4.97423e-07
6.90551e+09  5.11422e-07
7.57525e+09  5.2576e-07
8.30994e+09  5.40439e-07
9.11589e+09  5.55469e-07
1e+10  5.70897e-07
