100  1.55388e-11
109.699  1.73568e-11
120.338  1.93602e-11
132.009  2.15672e-11
144.812  2.40047e-11
158.857  2.66761e-11
174.263  2.96095e-11
191.164  3.28232e-11
209.705  3.6367e-11
230.043  4.02506e-11
252.354  4.45132e-11
276.829  4.91842e-11
303.677  5.43017e-11
333.129  5.99185e-11
365.438  6.60681e-11
400.881  7.27961e-11
439.76  8.01498e-11
482.411  8.81778e-11
529.198  9.69598e-11
580.523  1.06598e-10
636.825  1.17115e-10
698.588  1.28586e-10
766.341  1.41261e-10
840.665  1.55157e-10
922.198  1.70309e-10
1011.64  1.86814e-10
1109.75  2.04778e-10
1217.38  2.24318e-10
1335.45  2.45619e-10
1464.97  2.68744e-10
1607.05  2.93824e-10
1762.91  3.20998e-10
1933.89  3.50406e-10
2121.45  3.82324e-10
2327.2  4.16837e-10
2552.91  4.54045e-10
2800.5  4.94141e-10
3072.11  5.37526e-10
3370.06  5.84216e-10
3696.91  6.34694e-10
4055.46  6.89008e-10
4448.78  7.47161e-10
4880.25  8.09754e-10
5353.57  8.76395e-10
5872.79  9.47854e-10
6442.36  1.02379e-09
7067.18  1.10512e-09
7752.6  1.19209e-09
8504.49  1.28432e-09
9329.3  1.38252e-09
10234.1  1.48594e-09
11226.7  1.59537e-09
12315.5  1.71059e-09
13509.9  1.83192e-09
14820.2  1.96005e-09
16257.6  2.09389e-09
17834.3  2.23393e-09
19564  2.38049e-09
21461.4  2.53396e-09
23542.9  2.69503e-09
25826.2  2.86275e-09
28331  3.03692e-09
31078.7  3.21748e-09
34092.9  3.40508e-09
37399.4  3.59797e-09
41026.6  3.79579e-09
45005.6  3.99886e-09
49370.5  4.2098e-09
54158.7  4.42725e-09
59411.3  4.65049e-09
65173.4  4.8802e-09
71494.3  5.11631e-09
78428.2  5.35924e-09
86034.6  5.60849e-09
94378.8  5.86774e-09
103532  6.13402e-09
113573  6.40657e-09
124588  6.69234e-09
136672  6.98404e-09
149927  7.289e-09
164468  7.6021e-09
180419  7.92515e-09
197917  8.26017e-09
217112  8.6058e-09
238169  8.95947e-09
261268  9.32831e-09
286607  9.70298e-09
314404  1.0093e-08
344896  1.04926e-08
378346  1.09037e-08
415040  1.13305e-08
455294  1.17668e-08
499451  1.22189e-08
547890  1.26836e-08
601028  1.31621e-08
659319  1.36591e-08
723263  1.4168e-08
793410  1.46948e-08
870359  1.52363e-08
954772  1.57937e-08
1.04737e+06  1.63728e-08
1.14895e+06  1.69638e-08
1.26038e+06  1.75813e-08
1.38262e+06  1.82142e-08
1.51672e+06  1.88617e-08
1.66382e+06  1.95363e-08
1.82518e+06  2.02223e-08
2.0022e+06  2.09375e-08
2.19639e+06  2.16695e-08
2.4094e+06  2.24158e-08
2.64308e+06  2.31956e-08
2.89942e+06  2.39879e-08
3.18063e+06  2.48096e-08
3.4891e+06  2.56547e-08
3.82749e+06  2.65193e-08
4.19871e+06  2.74143e-08
4.60592e+06  2.83291e-08
5.05263e+06  2.928e-08
5.54266e+06  3.02495e-08
6.08022e+06  3.12553e-08
6.66992e+06  3.22858e-08
7.31681e+06  3.33411e-08
8.02643e+06  3.44384e-08
8.80488e+06  3.55505e-08
9.65883e+06  3.67038e-08
1.05956e+07  3.78857e-08
1.16232e+07  3.90915e-08
1.27505e+07  4.03406e-08
1.39871e+07  4.16122e-08
1.53437e+07  4.29307e-08
1.68318e+07  4.42742e-08
1.84642e+07  4.56631e-08
2.0255e+07  4.70846e-08
2.22195e+07  4.85385e-08
2.43744e+07  5.00499e-08
2.67384e+07  5.15816e-08
2.93317e+07  5.31659e-08
3.21764e+07  5.47944e-08
3.52971e+07  5.6463e-08
3.87204e+07  5.81761e-08
4.24757e+07  5.99321e-08
4.65953e+07  6.17525e-08
5.11143e+07  6.35962e-08
5.60717e+07  6.55151e-08
6.15099e+07  6.74741e-08
6.74754e+07  6.94689e-08
7.40196e+07  7.15422e-08
8.11984e+07  7.36505e-08
8.90735e+07  7.58403e-08
9.77124e+07  7.80624e-08
1.07189e+08  8.03788e-08
1.17585e+08  8.27558e-08
1.28989e+08  8.5201e-08
1.41499e+08  8.77302e-08
1.55223e+08  9.03066e-08
1.70277e+08  9.29723e-08
1.86791e+08  9.56652e-08
2.04907e+08  9.84669e-08
2.24781e+08  1.01307e-07
2.46581e+08  1.04182e-07
2.70496e+08  1.07193e-07
2.9673e+08  1.10239e-07
3.25509e+08  1.13394e-07
3.57079e+08  1.16586e-07
3.9171e+08  1.19898e-07
4.297e+08  1.23275e-07
4.71375e+08  1.26712e-07
5.17092e+08  1.30287e-07
5.67243e+08  1.33897e-07
6.22257e+08  1.3762e-07
6.82607e+08  1.4142e-07
7.4881e+08  1.45344e-07
8.21434e+08  1.49339e-07
9.01102e+08  1.53395e-07
9.88496e+08  1.57615e-07
1.08437e+09  1.61875e-07
1.18953e+09  1.66278e-07
1.3049e+09  1.7077e-07
1.43146e+09  1.75377e-07
1.57029e+09  1.80085e-07
1.72259e+09  1.8489e-07
1.88965e+09  1.89867e-07
2.07292e+09  1.94887e-07
2.27397e+09  2.00079e-07
2.49451e+09  2.05386e-07
2.73644e+09  2.10796e-07
3.00184e+09  2.16367e-07
3.29297e+09  2.2202e-07
3.61234e+09  2.27875e-07
3.96269e+09  2.33797e-07
4.34701e+09  2.39923e-07
4.76861e+09  2.46161e-07
5.2311e+09  2.52497e-07
5.73844e+09  2.59078e-07
6.29499e+09  2.65715e-07
6.90551e+09  2.72592e-07
7.57525e+09  2.79592e-07
8.30994e+09  2.86699e-07
9.11589e+09  2.94023e-07
1e+10  3.01485e-07
