100  4.97493e-11
109.699  5.46233e-11
120.338  5.99666e-11
132.009  6.58243e-11
144.812  7.226e-11
158.857  7.93088e-11
174.263  8.70278e-11
191.164  9.55294e-11
209.705  1.04837e-10
230.043  1.15021e-10
252.354  1.26162e-10
276.829  1.38346e-10
303.677  1.51667e-10
333.129  1.66248e-10
365.438  1.82257e-10
400.881  1.9975e-10
439.76  2.18855e-10
482.411  2.39714e-10
529.198  2.62483e-10
580.523  2.87318e-10
636.825  3.14399e-10
698.588  3.44103e-10
766.341  3.76477e-10
840.665  4.11728e-10
922.198  4.50094e-10
1011.64  4.9182e-10
1109.75  5.37259e-10
1217.38  5.86849e-10
1335.45  6.40683e-10
1464.97  6.99198e-10
1607.05  7.62688e-10
1762.91  8.31924e-10
1933.89  9.06873e-10
2121.45  9.87843e-10
2327.2  1.07584e-09
2552.91  1.17086e-09
2800.5  1.27316e-09
3072.11  1.38355e-09
3370.06  1.5027e-09
3696.91  1.63037e-09
4055.46  1.76687e-09
4448.78  1.91299e-09
4880.25  2.06884e-09
5353.57  2.23529e-09
5872.79  2.4117e-09
6442.36  2.59789e-09
7067.18  2.815e-09
7752.6  3.04677e-09
8504.49  3.29548e-09
9329.3  3.55916e-09
10234.1  3.83876e-09
11226.7  4.13382e-09
12315.5  4.44306e-09
13509.9  4.76772e-09
14820.2  5.1114e-09
16257.6  5.50475e-09
17834.3  5.92074e-09
19564  6.36073e-09
21461.4  6.83191e-09
23542.9  7.33115e-09
25826.2  7.86072e-09
28331  8.42684e-09
31078.7  9.02744e-09
34092.9  9.66201e-09
37399.4  1.03336e-08
41026.6  1.10467e-08
45005.6  1.17958e-08
49370.5  1.25811e-08
54158.7  1.34105e-08
59411.3  1.42828e-08
65173.4  1.51932e-08
71494.3  1.61407e-08
78428.2  1.71329e-08
86034.6  1.81678e-08
94378.8  1.92414e-08
103532  2.0354e-08
113573  2.1516e-08
124588  2.27149e-08
136672  2.39502e-08
149927  2.52358e-08
164468  2.65701e-08
180419  2.79407e-08
197917  2.93509e-08
217112  3.08181e-08
238169  3.233e-08
261268  3.38821e-08
286607  3.54967e-08
314404  3.71551e-08
344896  3.8857e-08
378346  4.0629e-08
415040  4.24361e-08
455294  4.43055e-08
499451  4.62393e-08
547890  4.82147e-08
601028  5.0269e-08
659319  5.23755e-08
723263  5.45404e-08
793410  5.67844e-08
870359  5.90878e-08
954772  6.14489e-08
1.04737e+06  6.38981e-08
1.14895e+06  6.63944e-08
1.26038e+06  6.89842e-08
1.38262e+06  7.16343e-08
1.51672e+06  7.43332e-08
1.66382e+06  7.71316e-08
1.82518e+06  7.99722e-08
2.0022e+06  8.29353e-08
2.19639e+06  8.59662e-08
2.4094e+06  8.90787e-08
2.64308e+06  9.2324e-08
2.89942e+06  9.56273e-08
3.18063e+06  9.90638e-08
3.4891e+06  1.0259e-07
3.82749e+06  1.06197e-07
4.19871e+06  1.09958e-07
4.60592e+06  1.13775e-07
5.05263e+06  1.17728e-07
5.54266e+06  1.21796e-07
6.08022e+06  1.2596e-07
6.66992e+06  1.3027e-07
7.31681e+06  1.34669e-07
8.02643e+06  1.39224e-07
8.80488e+06  1.43885e-07
9.65883e+06  1.48707e-07
1.05956e+07  1.53636e-07
1.16232e+07  1.58679e-07
1.27505e+07  1.6392e-07
1.39871e+07  1.69231e-07
1.53437e+07  1.74756e-07
1.68318e+07  1.80407e-07
1.84642e+07  1.86159e-07
2.0255e+07  1.92168e-07
2.22195e+07  1.98264e-07
2.43744e+07  2.04601e-07
2.67384e+07  2.11099e-07
2.93317e+07  2.17737e-07
3.21764e+07  2.24645e-07
3.52971e+07  2.31674e-07
3.87204e+07  2.38982e-07
4.24757e+07  2.4647e-07
4.65953e+07  2.54125e-07
5.11143e+07  2.62093e-07
5.60717e+07  2.70198e-07
6.15099e+07  2.78597e-07
6.74754e+07  2.8723e-07
7.40196e+07  2.96089e-07
8.11984e+07  3.05232e-07
8.90735e+07  3.14574e-07
9.77124e+07  3.2425e-07
1.07189e+08  3.34167e-07
1.17585e+08  3.44401e-07
1.28989e+08  3.549e-07
1.41499e+08  3.65657e-07
1.55223e+08  3.76874e-07
1.70277e+08  3.88284e-07
1.86791e+08  4.00168e-07
2.04907e+08  4.12332e-07
2.24781e+08  4.24737e-07
2.46581e+08  4.3762e-07
2.70496e+08  4.50684e-07
2.9673e+08  4.64219e-07
3.25509e+08  4.78043e-07
3.57079e+08  4.92111e-07
3.9171e+08  5.06686e-07
4.297e+08  5.21501e-07
4.71375e+08  5.36831e-07
5.17092e+08  5.52513e-07
5.67243e+08  5.68519e-07
6.22257e+08  5.85026e-07
6.82607e+08  6.01858e-07
7.4881e+08  6.19254e-07
8.21434e+08  6.36961e-07
9.01102e+08  6.55157e-07
9.88496e+08  6.73781e-07
1.08437e+09  6.92842e-07
1.18953e+09  7.12523e-07
1.3049e+09  7.3245e-07
1.43146e+09  7.53044e-07
1.57029e+09  7.74098e-07
1.72259e+09  7.9556e-07
1.88965e+09  8.17796e-07
2.07292e+09  8.40317e-07
2.27397e+09  8.63576e-07
2.49451e+09  8.87366e-07
2.73644e+09  9.11652e-07
3.00184e+09  9.36621e-07
3.29297e+09  9.62095e-07
3.61234e+09  9.88419e-07
3.96269e+09  1.01508e-06
4.34701e+09  1.04271e-06
4.76861e+09  1.07089e-06
5.2311e+09  1.09957e-06
5.73844e+09  1.12933e-06
6.29499e+09  1.15951e-06
6.90551e+09  1.19066e-06
7.57525e+09  1.22246e-06
8.30994e+09  1.2552e-06
9.11589e+09  1.28867e-06
1e+10  1.32282e-06
