100  1.0311e-10
109.699  1.12798e-10
120.338  1.23412e-10
132.009  1.35031e-10
144.812  1.47738e-10
158.857  1.61635e-10
174.263  1.76845e-10
191.164  1.93449e-10
209.705  2.11568e-10
230.043  2.31445e-10
252.354  2.53131e-10
276.829  2.76781e-10
303.677  3.02568e-10
333.129  3.30674e-10
365.438  3.61349e-10
400.881  3.94892e-10
439.76  4.31433e-10
482.411  4.71224e-10
529.198  5.14553e-10
580.523  5.61698e-10
636.825  6.13213e-10
698.588  6.69303e-10
766.341  7.30297e-10
840.665  7.96568e-10
922.198  8.68533e-10
1011.64  9.46919e-10
1109.75  1.03216e-09
1217.38  1.12458e-09
1335.45  1.22482e-09
1464.97  1.33352e-09
1607.05  1.45157e-09
1762.91  1.57953e-09
1933.89  1.71779e-09
2121.45  1.86682e-09
2327.2  2.02815e-09
2552.91  2.2023e-09
2800.5  2.3895e-09
3072.11  2.59021e-09
3370.06  2.80506e-09
3696.91  3.03534e-09
4055.46  3.28285e-09
4448.78  3.54629e-09
4880.25  3.826e-09
5353.57  4.12207e-09
5872.79  4.43581e-09
6442.36  4.76701e-09
7067.18  5.1142e-09
7752.6  5.47661e-09
8504.49  5.89294e-09
9329.3  6.34762e-09
10234.1  6.82676e-09
11226.7  7.33237e-09
12315.5  7.86086e-09
13509.9  8.41114e-09
14820.2  8.98617e-09
16257.6  9.57892e-09
17834.3  1.01863e-08
19564  1.08087e-08
21461.4  1.1443e-08
23542.9  1.20932e-08
25826.2  1.28507e-08
28331  1.36317e-08
31078.7  1.44285e-08
34092.9  1.52512e-08
37399.4  1.61038e-08
41026.6  1.69797e-08
45005.6  1.78787e-08
49370.5  1.8802e-08
54158.7  1.97546e-08
59411.3  2.07243e-08
65173.4  2.1709e-08
71494.3  2.27119e-08
78428.2  2.3743e-08
86034.6  2.47942e-08
94378.8  2.58651e-08
103532  2.69598e-08
113573  2.80714e-08
124588  2.92078e-08
136672  3.03821e-08
149927  3.15785e-08
164468  3.28036e-08
180419  3.40779e-08
197917  3.53849e-08
217112  3.6736e-08
238169  3.81283e-08
261268  3.95601e-08
286607  4.10474e-08
314404  4.25771e-08
344896  4.41569e-08
378346  4.57857e-08
415040  4.74678e-08
455294  4.92212e-08
499451  5.10127e-08
547890  5.28861e-08
601028  5.48121e-08
659319  5.67923e-08
723263  5.88676e-08
793410  6.09877e-08
870359  6.31933e-08
954772  6.54769e-08
1.04737e+06  6.78345e-08
1.14895e+06  7.02669e-08
1.26038e+06  7.27743e-08
1.38262e+06  7.5387e-08
1.51672e+06  7.8054e-08
1.66382e+06  8.08443e-08
1.82518e+06  8.37124e-08
2.0022e+06  8.66436e-08
2.19639e+06  8.97106e-08
2.4094e+06  9.28322e-08
2.64308e+06  9.60694e-08
2.89942e+06  9.94013e-08
3.18063e+06  1.02816e-07
3.4891e+06  1.06339e-07
3.82749e+06  1.09966e-07
4.19871e+06  1.13726e-07
4.60592e+06  1.17546e-07
5.05263e+06  1.21528e-07
5.54266e+06  1.25606e-07
6.08022e+06  1.2978e-07
6.66992e+06  1.3413e-07
7.31681e+06  1.38549e-07
8.02643e+06  1.43122e-07
8.80488e+06  1.47832e-07
9.65883e+06  1.52664e-07
1.05956e+07  1.5763e-07
1.16232e+07  1.62726e-07
1.27505e+07  1.68012e-07
1.39871e+07  1.73373e-07
1.53437e+07  1.78964e-07
1.68318e+07  1.84672e-07
1.84642e+07  1.90498e-07
2.0255e+07  1.96576e-07
2.22195e+07  2.02741e-07
2.43744e+07  2.09158e-07
2.67384e+07  2.15721e-07
2.93317e+07  2.22438e-07
3.21764e+07  2.29425e-07
3.52971e+07  2.36523e-07
3.87204e+07  2.43892e-07
4.24757e+07  2.51439e-07
4.65953e+07  2.5917e-07
5.11143e+07  2.67201e-07
5.60717e+07  2.75352e-07
6.15099e+07  2.83811e-07
6.74754e+07  2.92481e-07
7.40196e+07  3.01356e-07
8.11984e+07  3.10574e-07
8.90735e+07  3.19926e-07
9.77124e+07  3.29601e-07
1.07189e+08  3.39538e-07
1.17585e+08  3.49706e-07
1.28989e+08  3.60236e-07
1.41499e+08  3.70946e-07
1.55223e+08  3.82026e-07
1.70277e+08  3.93418e-07
1.86791e+08  4.05134e-07
2.04907e+08  4.17156e-07
2.24781e+08  4.29457e-07
2.46581e+08  4.42181e-07
2.70496e+08  4.5513e-07
2.9673e+08  4.68553e-07
3.25509e+08  4.82248e-07
3.57079e+08  4.96215e-07
3.9171e+08  5.1074e-07
4.297e+08  5.25474e-07
4.71375e+08  5.4077e-07
5.17092e+08  5.56398e-07
5.67243e+08  5.72319e-07
6.22257e+08  5.88854e-07
6.82607e+08  6.05636e-07
7.4881e+08  6.22986e-07
8.21434e+08  6.40741e-07
9.01102e+08  6.58883e-07
9.88496e+08  6.77497e-07
1.08437e+09  6.96585e-07
1.18953e+09  7.16262e-07
1.3049e+09  7.36186e-07
1.43146e+09  7.568e-07
1.57029e+09  7.77858e-07
1.72259e+09  7.99349e-07
1.88965e+09  8.21591e-07
2.07292e+09  8.44114e-07
2.27397e+09  8.67401e-07
2.49451e+09  8.9119e-07
2.73644e+09  9.15429e-07
3.00184e+09  9.40452e-07
3.29297e+09  9.65879e-07
3.61234e+09  9.92143e-07
3.96269e+09  1.0188e-06
4.34701e+09  1.04635e-06
4.76861e+09  1.07442e-06
5.2311e+09  1.10302e-06
5.73844e+09  1.13264e-06
6.29499e+09  1.16261e-06
6.90551e+09  1.19352e-06
7.57525e+09  1.22512e-06
8.30994e+09  1.25737e-06
9.11589e+09  1.29061e-06
1e+10  1.32431e-06
