100  2.11644e-11
109.699  2.37609e-11
120.338  2.65033e-11
132.009  2.98651e-11
144.812  3.30838e-11
158.857  3.70018e-11
174.263  4.12724e-11
191.164  4.55597e-11
209.705  5.02165e-11
230.043  5.6144e-11
252.354  6.2207e-11
276.829  6.84724e-11
303.677  7.52678e-11
333.129  8.2675e-11
365.438  9.07887e-11
400.881  1.01255e-10
439.76  1.11608e-10
482.411  1.22332e-10
529.198  1.33997e-10
580.523  1.46747e-10
636.825  1.60633e-10
698.588  1.75725e-10
766.341  1.92113e-10
840.665  2.09898e-10
922.198  2.29315e-10
1011.64  2.5036e-10
1109.75  2.73193e-10
1217.38  2.97943e-10
1335.45  3.28598e-10
1464.97  3.6055e-10
1607.05  3.92911e-10
1762.91  4.27582e-10
1933.89  4.64957e-10
2121.45  5.05233e-10
2327.2  5.48719e-10
2552.91  5.95352e-10
2800.5  6.45346e-10
3072.11  6.99176e-10
3370.06  7.56597e-10
3696.91  8.1795e-10
4055.46  8.8325e-10
4448.78  9.53245e-10
4880.25  1.02746e-09
5353.57  1.10657e-09
5872.79  1.19066e-09
6442.36  1.27993e-09
7067.18  1.37643e-09
7752.6  1.47802e-09
8504.49  1.58531e-09
9329.3  1.69794e-09
10234.1  1.81595e-09
11226.7  1.94043e-09
12315.5  2.07106e-09
13509.9  2.20784e-09
14820.2  2.35097e-09
16257.6  2.50021e-09
17834.3  2.65632e-09
19564  2.819e-09
21461.4  2.98783e-09
23542.9  3.1628e-09
25826.2  3.34351e-09
28331  3.531e-09
31078.7  3.72308e-09
34092.9  3.92001e-09
37399.4  4.1221e-09
41026.6  4.3307e-09
45005.6  4.5447e-09
49370.5  4.76268e-09
54158.7  4.98389e-09
59411.3  5.21063e-09
65173.4  5.44073e-09
71494.3  5.6733e-09
78428.2  5.91095e-09
86034.6  6.15428e-09
94378.8  6.3998e-09
103532  6.65092e-09
113573  6.91028e-09
124588  7.17266e-09
136672  7.44583e-09
149927  7.72552e-09
164468  8.01195e-09
180419  8.30982e-09
197917  8.61279e-09
217112  8.92914e-09
238169  9.25335e-09
261268  9.58577e-09
286607  9.93223e-09
314404  1.02856e-08
344896  1.06541e-08
378346  1.10332e-08
415040  1.14226e-08
455294  1.18283e-08
499451  1.22442e-08
547890  1.26786e-08
601028  1.31225e-08
659319  1.35859e-08
723263  1.40628e-08
793410  1.45523e-08
870359  1.50647e-08
954772  1.55867e-08
1.04737e+06  1.61288e-08
1.14895e+06  1.66878e-08
1.26038e+06  1.72679e-08
1.38262e+06  1.78645e-08
1.51672e+06  1.84756e-08
1.66382e+06  1.91123e-08
1.82518e+06  1.976e-08
2.0022e+06  2.04344e-08
2.19639e+06  2.11257e-08
2.4094e+06  2.18313e-08
2.64308e+06  2.2565e-08
2.89942e+06  2.33138e-08
3.18063e+06  2.40917e-08
3.4891e+06  2.4884e-08
3.82749e+06  2.57056e-08
4.19871e+06  2.65473e-08
4.60592e+06  2.74093e-08
5.05263e+06  2.83065e-08
5.54266e+06  2.92173e-08
6.08022e+06  3.016e-08
6.66992e+06  3.11298e-08
7.31681e+06  3.21247e-08
8.02643e+06  3.31459e-08
8.80488e+06  3.41933e-08
9.65883e+06  3.52794e-08
1.05956e+07  3.63803e-08
1.16232e+07  3.75258e-08
1.27505e+07  3.86966e-08
1.39871e+07  3.98899e-08
1.53437e+07  4.1132e-08
1.68318e+07  4.23934e-08
1.84642e+07  4.37035e-08
2.0255e+07  4.50336e-08
2.22195e+07  4.64174e-08
2.43744e+07  4.78308e-08
2.67384e+07  4.9271e-08
2.93317e+07  5.07741e-08
3.21764e+07  5.22973e-08
3.52971e+07  5.38762e-08
3.87204e+07  5.54882e-08
4.24757e+07  5.71556e-08
4.65953e+07  5.88611e-08
5.11143e+07  6.06008e-08
5.60717e+07  6.24129e-08
6.15099e+07  6.42477e-08
6.74754e+07  6.61462e-08
7.40196e+07  6.80858e-08
8.11984e+07  7.00907e-08
8.90735e+07  7.21403e-08
9.77124e+07  7.42301e-08
1.07189e+08  7.64106e-08
1.17585e+08  7.86242e-08
1.28989e+08  8.09266e-08
1.41499e+08  8.32656e-08
1.55223e+08  8.56816e-08
1.70277e+08  8.81481e-08
1.86791e+08  9.06579e-08
2.04907e+08  9.32665e-08
2.24781e+08  9.59046e-08
2.46581e+08  9.86389e-08
2.70496e+08  1.01422e-07
2.9673e+08  1.04311e-07
3.25509e+08  1.07252e-07
3.57079e+08  1.1024e-07
3.9171e+08  1.13357e-07
4.297e+08  1.16505e-07
4.71375e+08  1.19769e-07
5.17092e+08  1.23095e-07
5.67243e+08  1.26501e-07
6.22257e+08  1.29994e-07
6.82607e+08  1.33562e-07
7.4881e+08  1.37252e-07
8.21434e+08  1.40989e-07
9.01102e+08  1.4484e-07
9.88496e+08  1.48778e-07
1.08437e+09  1.52792e-07
1.18953e+09  1.56951e-07
1.3049e+09  1.61148e-07
1.43146e+09  1.65493e-07
1.57029e+09  1.69928e-07
1.72259e+09  1.74443e-07
1.88965e+09  1.79095e-07
2.07292e+09  1.83833e-07
2.27397e+09  1.88727e-07
2.49451e+09  1.93692e-07
2.73644e+09  1.98795e-07
3.00184e+09  2.04012e-07
3.29297e+09  2.09337e-07
3.61234e+09  2.14841e-07
3.96269e+09  2.20397e-07
4.34701e+09  2.26134e-07
4.76861e+09  2.31995e-07
5.2311e+09  2.37967e-07
5.73844e+09  2.44126e-07
6.29499e+09  2.50359e-07
6.90551e+09  2.56784e-07
7.57525e+09  2.63328e-07
8.30994e+09  2.70047e-07
9.11589e+09  2.76893e-07
1e+10  2.8386e-07
