100  2.15478e-10
109.699  2.40043e-10
120.338  2.67043e-10
132.009  2.96704e-10
144.812  3.29352e-10
158.857  3.6518e-10
174.263  4.04489e-10
191.164  4.4764e-10
209.705  4.94973e-10
230.043  5.46713e-10
252.354  6.03527e-10
276.829  6.65955e-10
303.677  7.34225e-10
333.129  8.0882e-10
365.438  8.90377e-10
400.881  9.79568e-10
439.76  1.07739e-09
482.411  1.18415e-09
529.198  1.30067e-09
580.523  1.42759e-09
636.825  1.56586e-09
698.588  1.71638e-09
766.341  1.88114e-09
840.665  2.06038e-09
922.198  2.25517e-09
1011.64  2.46661e-09
1109.75  2.69579e-09
1217.38  2.94504e-09
1335.45  3.21604e-09
1464.97  3.5092e-09
1607.05  3.82705e-09
1762.91  4.17268e-09
1933.89  4.54561e-09
2121.45  4.94928e-09
2327.2  5.38492e-09
2552.91  5.85581e-09
2800.5  6.36214e-09
3072.11  6.90498e-09
3370.06  7.49033e-09
3696.91  8.11456e-09
4055.46  8.78207e-09
4448.78  9.49541e-09
4880.25  1.02567e-08
5353.57  1.10725e-08
5872.79  1.19547e-08
6442.36  1.29104e-08
7067.18  1.39314e-08
7752.6  1.50156e-08
8504.49  1.61755e-08
9329.3  1.74264e-08
10234.1  1.87656e-08
11226.7  2.0195e-08
12315.5  2.17362e-08
13509.9  2.33819e-08
14820.2  2.51319e-08
16257.6  2.70049e-08
17834.3  2.89946e-08
19564  3.11034e-08
21461.4  3.33443e-08
23542.9  3.57461e-08
25826.2  3.82885e-08
28331  4.09744e-08
31078.7  4.38328e-08
34092.9  4.68381e-08
37399.4  4.99891e-08
41026.6  5.32999e-08
45005.6  5.67973e-08
49370.5  6.04519e-08
54158.7  6.4259e-08
59411.3  6.82361e-08
65173.4  7.23927e-08
71494.3  7.67113e-08
78428.2  8.11854e-08
86034.6  8.58484e-08
94378.8  9.06733e-08
103532  9.56448e-08
113573  1.00777e-07
124588  1.06103e-07
136672  1.11607e-07
149927  1.17253e-07
164468  1.23124e-07
180419  1.29157e-07
197917  1.35365e-07
217112  1.41795e-07
238169  1.48404e-07
261268  1.55184e-07
286607  1.62199e-07
314404  1.69422e-07
344896  1.76804e-07
378346  1.84481e-07
415040  1.92316e-07
455294  2.00406e-07
499451  2.08745e-07
547890  2.17281e-07
601028  2.26122e-07
659319  2.35196e-07
723263  2.44454e-07
793410  2.54092e-07
870359  2.63862e-07
954772  2.74025e-07
1.04737e+06  2.84373e-07
1.14895e+06  2.94948e-07
1.26038e+06  3.05854e-07
1.38262e+06  3.16997e-07
1.51672e+06  3.28466e-07
1.66382e+06  3.40242e-07
1.82518e+06  3.5238e-07
2.0022e+06  3.65e-07
2.19639e+06  3.77826e-07
2.4094e+06  3.91188e-07
2.64308e+06  4.04854e-07
2.89942e+06  4.18857e-07
3.18063e+06  4.33414e-07
3.4891e+06  4.48175e-07
3.82749e+06  4.63465e-07
4.19871e+06  4.79166e-07
4.60592e+06  4.95215e-07
5.05263e+06  5.11859e-07
5.54266e+06  5.28812e-07
6.08022e+06  5.46354e-07
6.66992e+06  5.643e-07
7.31681e+06  5.82836e-07
8.02643e+06  6.0178e-07
8.80488e+06  6.21145e-07
9.65883e+06  6.41259e-07
1.05956e+07  6.6163e-07
1.16232e+07  6.82776e-07
1.27505e+07  7.04422e-07
1.39871e+07  7.26498e-07
1.53437e+07  7.49397e-07
1.68318e+07  7.72723e-07
1.84642e+07  7.96948e-07
2.0255e+07  8.2151e-07
2.22195e+07  8.47112e-07
2.43744e+07  8.73264e-07
2.67384e+07  8.99931e-07
2.93317e+07  9.27749e-07
3.21764e+07  9.55982e-07
3.52971e+07  9.85306e-07
3.87204e+07  1.01516e-06
4.24757e+07  1.04617e-06
4.65953e+07  1.07789e-06
5.11143e+07  1.11022e-06
5.60717e+07  1.14398e-06
6.15099e+07  1.17822e-06
6.74754e+07  1.21378e-06
7.40196e+07  1.24987e-06
8.11984e+07  1.28754e-06
8.90735e+07  1.32601e-06
9.77124e+07  1.36535e-06
1.07189e+08  1.40626e-06
1.17585e+08  1.4482e-06
1.28989e+08  1.4918e-06
1.41499e+08  1.53593e-06
1.55223e+08  1.58164e-06
1.70277e+08  1.62829e-06
1.86791e+08  1.6757e-06
2.04907e+08  1.72479e-06
2.24781e+08  1.77451e-06
2.46581e+08  1.82608e-06
2.70496e+08  1.87822e-06
2.9673e+08  1.93245e-06
3.25509e+08  1.98761e-06
3.57079e+08  2.04361e-06
3.9171e+08  2.10186e-06
4.297e+08  2.1608e-06
4.71375e+08  2.22189e-06
5.17092e+08  2.2839e-06
5.67243e+08  2.34767e-06
6.22257e+08  2.41285e-06
6.82607e+08  2.47947e-06
7.4881e+08  2.54837e-06
8.21434e+08  2.61803e-06
9.01102e+08  2.68996e-06
9.88496e+08  2.76348e-06
1.08437e+09  2.8384e-06
1.18953e+09  2.91603e-06
1.3049e+09  2.9944e-06
1.43146e+09  3.07543e-06
1.57029e+09  3.15826e-06
1.72259e+09  3.24271e-06
1.88965e+09  3.32948e-06
2.07292e+09  3.41809e-06
2.27397e+09  3.50965e-06
2.49451e+09  3.60233e-06
2.73644e+09  3.69799e-06
3.00184e+09  3.79579e-06
3.29297e+09  3.89555e-06
3.61234e+09  3.99893e-06
3.96269e+09  4.10345e-06
4.34701e+09  4.21121e-06
4.76861e+09  4.32174e-06
5.2311e+09  4.4351e-06
5.73844e+09  4.55102e-06
6.29499e+09  4.66933e-06
6.90551e+09  4.79209e-06
7.57525e+09  4.91629e-06
8.30994e+09  5.04499e-06
9.11589e+09  5.17655e-06
1e+10  5.3111e-06
