100  1.63611e-12
109.699  1.7786e-12
120.338  1.934e-12
132.009  2.10296e-12
144.812  2.28683e-12
158.857  2.48684e-12
174.263  2.70422e-12
191.164  2.94057e-12
209.705  3.1969e-12
230.043  3.4741e-12
252.354  3.77509e-12
276.829  4.10174e-12
303.677  4.45595e-12
333.129  4.84019e-12
365.438  5.25668e-12
400.881  5.70795e-12
439.76  6.19697e-12
482.411  6.72617e-12
529.198  7.29901e-12
580.523  7.9183e-12
636.825  8.58723e-12
698.588  9.30978e-12
766.341  1.00893e-11
840.665  1.09294e-11
922.198  1.18358e-11
1011.64  1.28106e-11
1109.75  1.38587e-11
1217.38  1.50041e-11
1335.45  1.62465e-11
1464.97  1.75824e-11
1607.05  1.90153e-11
1762.91  2.05489e-11
1933.89  2.21883e-11
2121.45  2.3941e-11
2327.2  2.58062e-11
2552.91  2.78009e-11
2800.5  2.99279e-11
3072.11  3.218e-11
3370.06  3.45651e-11
3696.91  3.70786e-11
4055.46  3.97299e-11
4448.78  4.25272e-11
4880.25  4.5472e-11
5353.57  4.85656e-11
5872.79  5.2048e-11
6442.36  5.7427e-11
7067.18  6.33223e-11
7752.6  6.97695e-11
8504.49  7.68118e-11
9329.3  8.45246e-11
10234.1  9.29276e-11
11226.7  1.02113e-10
12315.5  1.12107e-10
13509.9  1.22986e-10
14820.2  1.3484e-10
16257.6  1.477e-10
17834.3  1.61675e-10
19564  1.76801e-10
21461.4  1.93198e-10
23542.9  2.10901e-10
25826.2  2.30041e-10
28331  2.50708e-10
31078.7  2.72984e-10
34092.9  2.96968e-10
37399.4  3.22826e-10
41026.6  3.50615e-10
45005.6  3.80341e-10
49370.5  4.1228e-10
54158.7  4.46459e-10
59411.3  4.83005e-10
65173.4  5.22171e-10
71494.3  5.63976e-10
78428.2  6.08584e-10
86034.6  6.56314e-10
94378.8  7.07152e-10
103532  7.61279e-10
113573  8.19127e-10
124588  8.80603e-10
136672  9.45904e-10
149927  1.01523e-09
164468  1.08852e-09
180419  1.16621e-09
197917  1.24839e-09
217112  1.33512e-09
238169  1.42651e-09
261268  1.52257e-09
286607  1.6239e-09
314404  1.73011e-09
344896  1.84192e-09
378346  1.95908e-09
415040  2.08215e-09
455294  2.2108e-09
499451  2.34559e-09
547890  2.48658e-09
601028  2.63379e-09
659319  2.78799e-09
723263  2.94841e-09
793410  3.11638e-09
870359  3.29089e-09
954772  3.47295e-09
1.04737e+06  3.66266e-09
1.14895e+06  3.86022e-09
1.26038e+06  4.06539e-09
1.38262e+06  4.27874e-09
1.51672e+06  4.50058e-09
1.66382e+06  4.73056e-09
1.82518e+06  4.97e-09
2.0022e+06  5.21824e-09
2.19639e+06  5.47587e-09
2.4094e+06  5.74336e-09
2.64308e+06  6.02046e-09
2.89942e+06  6.30802e-09
3.18063e+06  6.60563e-09
3.4891e+06  6.91416e-09
3.82749e+06  7.23391e-09
4.19871e+06  7.56465e-09
4.60592e+06  7.90653e-09
5.05263e+06  8.26074e-09
5.54266e+06  8.6274e-09
6.08022e+06  9.00601e-09
6.66992e+06  9.39771e-09
7.31681e+06  9.80302e-09
8.02643e+06  1.0221e-08
8.80488e+06  1.0654e-08
9.65883e+06  1.11009e-08
1.05956e+07  1.15626e-08
1.16232e+07  1.2039e-08
1.27505e+07  1.25308e-08
1.39871e+07  1.30386e-08
1.53437e+07  1.3562e-08
1.68318e+07  1.41036e-08
1.84642e+07  1.46621e-08
2.0255e+07  1.52373e-08
2.22195e+07  1.58308e-08
2.43744e+07  1.64434e-08
2.67384e+07  1.70745e-08
2.93317e+07  1.77251e-08
3.21764e+07  1.83945e-08
3.52971e+07  1.90837e-08
3.87204e+07  1.97944e-08
4.24757e+07  2.0525e-08
4.65953e+07  2.12777e-08
5.11143e+07  2.20534e-08
5.60717e+07  2.28508e-08
6.15099e+07  2.367e-08
6.74754e+07  2.45143e-08
7.40196e+07  2.53832e-08
8.11984e+07  2.62761e-08
8.90735e+07  2.71947e-08
9.77124e+07  2.81395e-08
1.07189e+08  2.91116e-08
1.17585e+08  3.01102e-08
1.28989e+08  3.11378e-08
1.41499e+08  3.21927e-08
1.55223e+08  3.32767e-08
1.70277e+08  3.43901e-08
1.86791e+08  3.55352e-08
2.04907e+08  3.67107e-08
2.24781e+08  3.7917e-08
2.46581e+08  3.91575e-08
2.70496e+08  4.04328e-08
2.9673e+08  4.17418e-08
3.25509e+08  4.30847e-08
3.57079e+08  4.4463e-08
3.9171e+08  4.58793e-08
4.297e+08  4.73366e-08
4.71375e+08  4.88339e-08
5.17092e+08  5.03682e-08
5.67243e+08  5.19454e-08
6.22257e+08  5.3561e-08
6.82607e+08  5.52091e-08
7.4881e+08  5.68841e-08
8.21434e+08  5.85958e-08
9.01102e+08  6.03504e-08
9.88496e+08  6.21405e-08
1.08437e+09  6.3975e-08
1.18953e+09  6.58665e-08
1.3049e+09  6.78211e-08
1.43146e+09  6.98365e-08
1.57029e+09  7.19171e-08
1.72259e+09  7.40653e-08
1.88965e+09  7.62777e-08
2.07292e+09  7.85524e-08
2.27397e+09  8.08917e-08
2.49451e+09  8.32958e-08
2.73644e+09  8.57656e-08
3.00184e+09  8.8302e-08
3.29297e+09  9.09073e-08
3.61234e+09  9.35814e-08
3.96269e+09  9.63298e-08
4.34701e+09  9.91512e-08
4.76861e+09  1.02048e-07
5.2311e+09  1.0502e-07
5.73844e+09  1.08069e-07
6.29499e+09  1.112e-07
6.90551e+09  1.14413e-07
7.57525e+09  1.17708e-07
8.30994e+09  1.21087e-07
9.11589e+09  1.24553e-07
1e+10  1.28107e-07
