100  1.84496e-10
109.699  2.00561e-10
120.338  2.18034e-10
132.009  2.37077e-10
144.812  2.57856e-10
158.857  2.80489e-10
174.263  3.0511e-10
191.164  3.31945e-10
209.705  3.61244e-10
230.043  3.93117e-10
252.354  4.27757e-10
276.829  4.65394e-10
303.677  5.06301e-10
333.129  5.50719e-10
365.438  5.98977e-10
400.881  6.51359e-10
439.76  7.08195e-10
482.411  7.69884e-10
529.198  8.36983e-10
580.523  9.09859e-10
636.825  9.89029e-10
698.588  1.07492e-09
766.341  1.16796e-09
840.665  1.26871e-09
922.198  1.37783e-09
1011.64  1.49586e-09
1109.75  1.62343e-09
1217.38  1.76161e-09
1335.45  1.91118e-09
1464.97  2.07259e-09
1607.05  2.24658e-09
1762.91  2.43433e-09
1933.89  2.63679e-09
2121.45  2.85446e-09
2327.2  3.08851e-09
2552.91  3.34002e-09
2800.5  3.61004e-09
3072.11  3.89873e-09
3370.06  4.20764e-09
3696.91  4.53681e-09
4055.46  4.88789e-09
4448.78  5.26318e-09
4880.25  5.66276e-09
5353.57  6.08591e-09
5872.79  6.53336e-09
6442.36  7.00511e-09
7067.18  7.50167e-09
7752.6  8.02852e-09
8504.49  8.5816e-09
9329.3  9.15964e-09
10234.1  9.76144e-09
11226.7  1.03875e-08
12315.5  1.10439e-08
13509.9  1.17245e-08
14820.2  1.24258e-08
16257.6  1.31509e-08
17834.3  1.38961e-08
19564  1.46646e-08
21461.4  1.54506e-08
23542.9  1.62534e-08
25826.2  1.70669e-08
28331  1.79e-08
31078.7  1.87417e-08
34092.9  1.95855e-08
37399.4  2.04382e-08
41026.6  2.13002e-08
45005.6  2.21557e-08
49370.5  2.30077e-08
54158.7  2.38643e-08
59411.3  2.47092e-08
65173.4  2.55487e-08
71494.3  2.63753e-08
78428.2  2.71915e-08
86034.6  2.79961e-08
94378.8  2.87759e-08
103532  2.95459e-08
113573  3.02997e-08
124588  3.10225e-08
136672  3.17209e-08
149927  3.24103e-08
164468  3.30679e-08
180419  3.36928e-08
197917  3.43026e-08
217112  3.48877e-08
238169  3.54416e-08
261268  3.59743e-08
286607  3.648e-08
314404  3.69627e-08
344896  3.74198e-08
378346  3.78526e-08
415040  3.82589e-08
455294  3.86427e-08
499451  3.90084e-08
547890  3.93528e-08
601028  3.96714e-08
659319  3.99676e-08
723263  4.02425e-08
793410  4.0504e-08
870359  4.07496e-08
954772  4.0978e-08
1.04737e+06  4.1187e-08
1.14895e+06  4.13816e-08
1.26038e+06  4.15604e-08
1.38262e+06  4.17239e-08
1.51672e+06  4.18788e-08
1.66382e+06  4.20231e-08
1.82518e+06  4.21569e-08
2.0022e+06  4.22791e-08
2.19639e+06  4.23923e-08
2.4094e+06  4.24965e-08
2.64308e+06  4.25917e-08
2.89942e+06  4.26787e-08
3.18063e+06  4.27581e-08
3.4891e+06  4.28306e-08
3.82749e+06  4.28973e-08
4.19871e+06  4.29596e-08
4.60592e+06  4.30172e-08
5.05263e+06  4.30699e-08
5.54266e+06  4.31179e-08
6.08022e+06  4.31618e-08
6.66992e+06  4.32018e-08
7.31681e+06  4.32383e-08
8.02643e+06  4.32717e-08
8.80488e+06  4.33021e-08
9.65883e+06  4.33299e-08
1.05956e+07  4.33553e-08
1.16232e+07  4.33784e-08
1.27505e+07  4.33995e-08
1.39871e+07  4.34188e-08
1.53437e+07  4.34364e-08
1.68318e+07  4.34525e-08
1.84642e+07  4.34671e-08
2.0255e+07  4.34805e-08
2.22195e+07  4.34928e-08
2.43744e+07  4.35042e-08
2.67384e+07  4.35146e-08
2.93317e+07  4.35241e-08
3.21764e+07  4.35328e-08
3.52971e+07  4.35407e-08
3.87204e+07  4.3548e-08
4.24757e+07  4.35546e-08
4.65953e+07  4.35606e-08
5.11143e+07  4.35661e-08
5.60717e+07  4.35712e-08
6.15099e+07  4.35758e-08
6.74754e+07  4.358e-08
7.40196e+07  4.35838e-08
8.11984e+07  4.35873e-08
8.90735e+07  4.35905e-08
9.77124e+07  4.35934e-08
1.07189e+08  4.3596e-08
1.17585e+08  4.35985e-08
1.28989e+08  4.36007e-08
1.41499e+08  4.36027e-08
1.55223e+08  4.36046e-08
1.70277e+08  4.36062e-08
1.86791e+08  4.36078e-08
2.04907e+08  4.36092e-08
2.24781e+08  4.36104e-08
2.46581e+08  4.36116e-08
2.70496e+08  4.36127e-08
2.9673e+08  4.36136e-08
3.25509e+08  4.36145e-08
3.57079e+08  4.36153e-08
3.9171e+08  4.3616e-08
4.297e+08  4.36166e-08
4.71375e+08  4.36172e-08
5.17092e+08  4.36178e-08
5.67243e+08  4.36182e-08
6.22257e+08  4.36187e-08
6.82607e+08  4.36191e-08
7.4881e+08  4.36194e-08
8.21434e+08  4.36197e-08
9.01102e+08  4.362e-08
9.88496e+08  4.36202e-08
1.08437e+09  4.36205e-08
1.18953e+09  4.36206e-08
1.3049e+09  4.36208e-08
1.43146e+09  4.36209e-08
1.57029e+09  4.3621e-08
1.72259e+09  4.36211e-08
1.88965e+09  4.36212e-08
2.07292e+09  4.36213e-08
2.27397e+09  4.36213e-08
2.49451e+09  4.36213e-08
2.73644e+09  4.36214e-08
3.00184e+09  4.36214e-08
3.29297e+09  4.36214e-08
3.61234e+09  4.36213e-08
3.96269e+09  4.36213e-08
4.34701e+09  4.36213e-08
4.76861e+09  4.36214e-08
5.2311e+09  4.36216e-08
5.73844e+09  4.36217e-08
6.29499e+09  4.36219e-08
6.90551e+09  4.3622e-08
7.57525e+09  4.36222e-08
8.30994e+09  4.36223e-08
9.11589e+09  4.36224e-08
1e+10  4.36225e-08
