100  8.49033e-12
109.699  9.32499e-12
120.338  1.02374e-11
132.009  1.12382e-11
144.812  1.23346e-11
158.857  1.35375e-11
174.263  1.48594e-11
191.164  1.63103e-11
209.705  1.78991e-11
230.043  1.96388e-11
252.354  2.15486e-11
276.829  2.36413e-11
303.677  2.59353e-11
333.129  2.84542e-11
365.438  3.12152e-11
400.881  3.4248e-11
439.76  3.75711e-11
482.411  4.12091e-11
529.198  4.51964e-11
580.523  4.95643e-11
636.825  5.43542e-11
698.588  5.95929e-11
766.341  6.53193e-11
840.665  7.15775e-11
922.198  7.84148e-11
1011.64  8.58824e-11
1109.75  9.40464e-11
1217.38  1.02995e-10
1335.45  1.12776e-10
1464.97  1.23452e-10
1607.05  1.35097e-10
1762.91  1.47795e-10
1933.89  1.61634e-10
2121.45  1.76721e-10
2327.2  1.93188e-10
2552.91  2.11171e-10
2800.5  2.30731e-10
3072.11  2.5201e-10
3370.06  2.75213e-10
3696.91  3.00445e-10
4055.46  3.27897e-10
4448.78  3.57756e-10
4880.25  3.90155e-10
5353.57  4.25371e-10
5872.79  4.63565e-10
6442.36  5.04856e-10
7067.18  5.49609e-10
7752.6  5.98117e-10
8504.49  6.50364e-10
9329.3  7.06542e-10
10234.1  7.66959e-10
11226.7  8.31875e-10
12315.5  9.0175e-10
13509.9  9.76678e-10
14820.2  1.05654e-09
16257.6  1.14163e-09
17834.3  1.23197e-09
19564  1.33127e-09
21461.4  1.44346e-09
23542.9  1.56383e-09
25826.2  1.69206e-09
28331  1.82914e-09
31078.7  1.97469e-09
34092.9  2.12899e-09
37399.4  2.29172e-09
41026.6  2.46418e-09
45005.6  2.6454e-09
49370.5  2.85074e-09
54158.7  3.07133e-09
59411.3  3.30692e-09
65173.4  3.55907e-09
71494.3  3.82796e-09
78428.2  4.11499e-09
86034.6  4.42082e-09
94378.8  4.74656e-09
103532  5.0927e-09
113573  5.46061e-09
124588  5.85204e-09
136672  6.2668e-09
149927  6.70481e-09
164468  7.16856e-09
180419  7.65724e-09
197917  8.17332e-09
217112  8.71607e-09
238169  9.28613e-09
261268  9.88331e-09
286607  1.05091e-08
314404  1.1165e-08
344896  1.185e-08
378346  1.25656e-08
415040  1.33115e-08
455294  1.40879e-08
499451  1.48973e-08
547890  1.57382e-08
601028  1.66139e-08
659319  1.75225e-08
723263  1.84668e-08
793410  1.94456e-08
870359  2.04621e-08
954772  2.15152e-08
1.04737e+06  2.2608e-08
1.14895e+06  2.37386e-08
1.26038e+06  2.49114e-08
1.38262e+06  2.61246e-08
1.51672e+06  2.73792e-08
1.66382e+06  2.86768e-08
1.82518e+06  3.00177e-08
2.0022e+06  3.1405e-08
2.19639e+06  3.28374e-08
2.4094e+06  3.43189e-08
2.64308e+06  3.58484e-08
2.89942e+06  3.74289e-08
3.18063e+06  3.90614e-08
3.4891e+06  4.07477e-08
3.82749e+06  4.24881e-08
4.19871e+06  4.42841e-08
4.60592e+06  4.61369e-08
5.05263e+06  4.80502e-08
5.54266e+06  5.00186e-08
6.08022e+06  5.205e-08
6.66992e+06  5.41447e-08
7.31681e+06  5.62945e-08
8.02643e+06  5.85093e-08
8.80488e+06  6.07801e-08
9.65883e+06  6.31219e-08
1.05956e+07  6.55376e-08
1.16232e+07  6.80284e-08
1.27505e+07  7.05967e-08
1.39871e+07  7.32465e-08
1.53437e+07  7.59805e-08
1.68318e+07  7.88052e-08
1.84642e+07  8.17156e-08
2.0255e+07  8.47148e-08
2.22195e+07  8.7807e-08
2.43744e+07  9.09912e-08
2.67384e+07  9.42681e-08
2.93317e+07  9.76426e-08
3.21764e+07  1.01118e-07
3.52971e+07  1.04693e-07
3.87204e+07  1.08383e-07
4.24757e+07  1.12181e-07
4.65953e+07  1.16087e-07
5.11143e+07  1.20103e-07
5.60717e+07  1.2424e-07
6.15099e+07  1.28498e-07
6.74754e+07  1.32875e-07
7.40196e+07  1.37378e-07
8.11984e+07  1.42009e-07
8.90735e+07  1.46767e-07
9.77124e+07  1.51663e-07
1.07189e+08  1.56702e-07
1.17585e+08  1.61884e-07
1.28989e+08  1.67213e-07
1.41499e+08  1.72692e-07
1.55223e+08  1.78324e-07
1.70277e+08  1.84129e-07
1.86791e+08  1.90106e-07
2.04907e+08  1.96251e-07
2.24781e+08  2.02573e-07
2.46581e+08  2.09081e-07
2.70496e+08  2.15779e-07
2.9673e+08  2.22672e-07
3.25509e+08  2.2976e-07
3.57079e+08  2.37051e-07
3.9171e+08  2.44553e-07
4.297e+08  2.52275e-07
4.71375e+08  2.60225e-07
5.17092e+08  2.68406e-07
5.67243e+08  2.76817e-07
6.22257e+08  2.85468e-07
6.82607e+08  2.94369e-07
7.4881e+08  3.03531e-07
8.21434e+08  3.12965e-07
9.01102e+08  3.22686e-07
9.88496e+08  3.32704e-07
1.08437e+09  3.4301e-07
1.18953e+09  3.53613e-07
1.3049e+09  3.64516e-07
1.43146e+09  3.75702e-07
1.57029e+09  3.87173e-07
1.72259e+09  3.98949e-07
1.88965e+09  4.11016e-07
2.07292e+09  4.2338e-07
2.27397e+09  4.36083e-07
2.49451e+09  4.49121e-07
2.73644e+09  4.62488e-07
3.00184e+09  4.76192e-07
3.29297e+09  4.90243e-07
3.61234e+09  5.04647e-07
3.96269e+09  5.19412e-07
4.34701e+09  5.34573e-07
4.76861e+09  5.50125e-07
5.2311e+09  5.66063e-07
5.73844e+09  5.82394e-07
6.29499e+09  5.99147e-07
6.90551e+09  6.1632e-07
7.57525e+09  6.33912e-07
8.30994e+09  6.51937e-07
9.11589e+09  6.70416e-07
1e+10  6.89344e-07
