100  7.39524e-15
109.699  9.39015e-15
120.338  1.19562e-14
132.009  1.53306e-14
144.812  1.91785e-14
158.857  2.36473e-14
174.263  2.88915e-14
191.164  3.50879e-14
209.705  4.2371e-14
230.043  5.08999e-14
252.354  6.08378e-14
276.829  7.2419e-14
303.677  8.58155e-14
333.129  1.02311e-13
365.438  1.22257e-13
400.881  1.44457e-13
439.76  1.69284e-13
482.411  1.97125e-13
529.198  2.28815e-13
580.523  2.64795e-13
636.825  3.05985e-13
698.588  3.52653e-13
766.341  4.05736e-13
840.665  4.65625e-13
922.198  5.32794e-13
1011.64  6.07948e-13
1109.75  6.91758e-13
1217.38  7.86115e-13
1335.45  8.91241e-13
1464.97  1.00857e-12
1607.05  1.14012e-12
1762.91  1.29462e-12
1933.89  1.47248e-12
2121.45  1.66877e-12
2327.2  1.88831e-12
2552.91  2.1227e-12
2800.5  2.37891e-12
3072.11  2.66105e-12
3370.06  2.97274e-12
3696.91  3.31642e-12
4055.46  3.69585e-12
4448.78  4.11128e-12
4880.25  4.56833e-12
5353.57  5.06924e-12
5872.79  5.61616e-12
6442.36  6.2156e-12
7067.18  6.87193e-12
7752.6  7.58708e-12
8504.49  8.36665e-12
9329.3  9.21205e-12
10234.1  1.01284e-11
11226.7  1.11231e-11
12315.5  1.22014e-11
13509.9  1.33642e-11
14820.2  1.46204e-11
16257.6  1.59683e-11
17834.3  1.74153e-11
19564  1.89775e-11
21461.4  2.06558e-11
23542.9  2.24503e-11
25826.2  2.4367e-11
28331  2.64188e-11
31078.7  2.86098e-11
34092.9  3.09377e-11
37399.4  3.34067e-11
41026.6  3.60268e-11
45005.6  3.88201e-11
49370.5  4.17706e-11
54158.7  4.48822e-11
59411.3  4.81731e-11
65173.4  5.16597e-11
71494.3  5.5332e-11
78428.2  5.91881e-11
86034.6  6.32766e-11
94378.8  6.75562e-11
103532  7.20264e-11
113573  7.67473e-11
124588  8.17106e-11
136672  8.68766e-11
149927  9.22816e-11
164468  9.79875e-11
180419  1.0391e-10
197917  1.10089e-10
217112  1.16592e-10
238169  1.23319e-10
261268  1.30372e-10
286607  1.37736e-10
314404  1.45345e-10
344896  1.53335e-10
378346  1.6162e-10
415040  1.70239e-10
455294  1.79237e-10
499451  1.88592e-10
547890  1.9826e-10
601028  2.08404e-10
659319  2.18825e-10
723263  2.29726e-10
793410  2.41e-10
870359  2.527e-10
954772  2.64883e-10
1.04737e+06  2.77496e-10
1.14895e+06  2.90515e-10
1.26038e+06  3.04117e-10
1.38262e+06  3.18084e-10
1.51672e+06  3.32635e-10
1.66382e+06  3.47696e-10
1.82518e+06  3.63197e-10
2.0022e+06  3.79462e-10
2.19639e+06  3.9608e-10
2.4094e+06  4.13385e-10
2.64308e+06  4.31275e-10
2.89942e+06  4.49663e-10
3.18063e+06  4.68907e-10
3.4891e+06  4.8856e-10
3.82749e+06  5.0897e-10
4.19871e+06  5.30082e-10
4.60592e+06  5.51795e-10
5.05263e+06  5.74379e-10
5.54266e+06  5.97517e-10
6.08022e+06  6.21499e-10
6.66992e+06  6.46282e-10
7.31681e+06  6.71845e-10
8.02643e+06  6.98137e-10
8.80488e+06  7.25215e-10
9.65883e+06  7.53363e-10
1.05956e+07  7.82079e-10
1.16232e+07  8.11995e-10
1.27505e+07  8.42671e-10
1.39871e+07  8.74129e-10
1.53437e+07  9.06932e-10
1.68318e+07  9.40322e-10
1.84642e+07  9.74993e-10
2.0255e+07  1.0107e-09
2.22195e+07  1.04734e-09
2.43744e+07  1.08525e-09
2.67384e+07  1.12408e-09
2.93317e+07  1.16446e-09
3.21764e+07  1.20553e-09
3.52971e+07  1.24842e-09
3.87204e+07  1.29228e-09
4.24757e+07  1.33704e-09
4.65953e+07  1.38387e-09
5.11143e+07  1.43145e-09
5.60717e+07  1.48085e-09
6.15099e+07  1.5315e-09
6.74754e+07  1.5837e-09
7.40196e+07  1.63733e-09
8.11984e+07  1.69235e-09
8.90735e+07  1.74953e-09
9.77124e+07  1.80759e-09
1.07189e+08  1.86752e-09
1.17585e+08  1.9294e-09
1.28989e+08  1.99332e-09
1.41499e+08  2.05873e-09
1.55223e+08  2.12548e-09
1.70277e+08  2.19489e-09
1.86791e+08  2.26533e-09
2.04907e+08  2.33839e-09
2.24781e+08  2.4132e-09
2.46581e+08  2.48974e-09
2.70496e+08  2.56869e-09
2.9673e+08  2.64978e-09
3.25509e+08  2.7336e-09
3.57079e+08  2.81855e-09
3.9171e+08  2.90626e-09
4.297e+08  2.99648e-09
4.71375e+08  3.08914e-09
5.17092e+08  3.18403e-09
5.67243e+08  3.28096e-09
6.22257e+08  3.38168e-09
6.82607e+08  3.48363e-09
7.4881e+08  3.58936e-09
8.21434e+08  3.69756e-09
9.01102e+08  3.80806e-09
9.88496e+08  3.9217e-09
1.08437e+09  4.03828e-09
1.18953e+09  4.15879e-09
1.3049e+09  4.2807e-09
1.43146e+09  4.40646e-09
1.57029e+09  4.5358e-09
1.72259e+09  4.66835e-09
1.88965e+09  4.80399e-09
2.07292e+09  4.9427e-09
2.27397e+09  5.08648e-09
2.49451e+09  5.23205e-09
2.73644e+09  5.38282e-09
3.00184e+09  5.53683e-09
3.29297e+09  5.69406e-09
3.61234e+09  5.85722e-09
3.96269e+09  6.02223e-09
4.34701e+09  6.19317e-09
4.76861e+09  6.36783e-09
5.2311e+09  6.5461e-09
5.73844e+09  6.73055e-09
6.29499e+09  6.91752e-09
6.90551e+09  7.11044e-09
7.57525e+09  7.30784e-09
8.30994e+09  7.51085e-09
9.11589e+09  7.71816e-09
1e+10  7.92951e-09
