100  1.91294e-16
109.699  2.50003e-16
120.338  3.19811e-16
132.009  4.02597e-16
144.812  5.0065e-16
158.857  6.13811e-16
174.263  7.42535e-16
191.164  8.88635e-16
209.705  1.05538e-15
230.043  1.2456e-15
252.354  1.45864e-15
276.829  1.6969e-15
303.677  1.95956e-15
333.129  2.25097e-15
365.438  2.57065e-15
400.881  2.92254e-15
439.76  3.30786e-15
482.411  3.73122e-15
529.198  4.19668e-15
580.523  4.70915e-15
636.825  5.27514e-15
698.588  5.89887e-15
766.341  6.58253e-15
840.665  7.32841e-15
922.198  8.14825e-15
1011.64  9.04475e-15
1109.75  1.00251e-14
1217.38  1.1096e-14
1335.45  1.22672e-14
1464.97  1.35429e-14
1607.05  1.49389e-14
1762.91  1.64575e-14
1933.89  1.8115e-14
2121.45  1.99188e-14
2327.2  2.18856e-14
2552.91  2.4022e-14
2800.5  2.63469e-14
3072.11  2.88689e-14
3370.06  3.16074e-14
3696.91  3.45766e-14
4055.46  3.78012e-14
4448.78  4.13014e-14
4880.25  4.50793e-14
5353.57  4.91624e-14
5872.79  5.35753e-14
6442.36  5.83444e-14
7067.18  6.34896e-14
7752.6  6.9037e-14
8504.49  7.50029e-14
9329.3  8.14237e-14
10234.1  8.83051e-14
11226.7  9.567e-14
12315.5  1.03572e-13
13509.9  1.12017e-13
14820.2  1.21075e-13
16257.6  1.30699e-13
17834.3  1.40996e-13
19564  1.51972e-13
21461.4  1.63684e-13
23542.9  1.76191e-13
25826.2  1.89385e-13
28331  2.03415e-13
31078.7  2.18226e-13
34092.9  2.33915e-13
37399.4  2.50485e-13
41026.6  2.67984e-13
45005.6  2.86438e-13
49370.5  3.05892e-13
54158.7  3.26306e-13
59411.3  3.47699e-13
65173.4  3.70097e-13
71494.3  3.93482e-13
78428.2  4.17876e-13
86034.6  4.43316e-13
94378.8  4.69898e-13
103532  4.97518e-13
113573  5.26275e-13
124588  5.56065e-13
136672  5.86937e-13
149927  6.18896e-13
164468  6.51886e-13
180419  6.85832e-13
197917  7.20808e-13
217112  7.56729e-13
238169  7.93508e-13
261268  8.31282e-13
286607  8.70118e-13
314404  9.09947e-13
344896  9.50773e-13
378346  9.92513e-13
415040  1.03527e-12
455294  1.07894e-12
499451  1.12374e-12
547890  1.16976e-12
601028  1.21698e-12
659319  1.26546e-12
723263  1.31526e-12
793410  1.36677e-12
870359  1.41969e-12
954772  1.47433e-12
1.04737e+06  1.53063e-12
1.14895e+06  1.58863e-12
1.26038e+06  1.64852e-12
1.38262e+06  1.71033e-12
1.51672e+06  1.77395e-12
1.66382e+06  1.83964e-12
1.82518e+06  1.90754e-12
2.0022e+06  1.97767e-12
2.19639e+06  2.05012e-12
2.4094e+06  2.12512e-12
2.64308e+06  2.20268e-12
2.89942e+06  2.28283e-12
3.18063e+06  2.36575e-12
3.4891e+06  2.45149e-12
3.82749e+06  2.54016e-12
4.19871e+06  2.632e-12
4.60592e+06  2.72696e-12
5.05263e+06  2.82508e-12
5.54266e+06  2.92638e-12
6.08022e+06  3.03114e-12
6.66992e+06  3.13944e-12
7.31681e+06  3.25149e-12
8.02643e+06  3.36722e-12
8.80488e+06  3.48659e-12
9.65883e+06  3.60958e-12
1.05956e+07  3.73657e-12
1.16232e+07  3.8673e-12
1.27505e+07  4.00183e-12
1.39871e+07  4.14054e-12
1.53437e+07  4.28346e-12
1.68318e+07  4.43076e-12
1.84642e+07  4.58235e-12
2.0255e+07  4.73848e-12
2.22195e+07  4.89939e-12
2.43744e+07  5.06494e-12
2.67384e+07  5.23531e-12
2.93317e+07  5.41094e-12
3.21764e+07  5.59188e-12
3.52971e+07  5.77802e-12
3.87204e+07  5.96946e-12
4.24757e+07  6.16636e-12
4.65953e+07  6.36907e-12
5.11143e+07  6.57753e-12
5.60717e+07  6.79196e-12
6.15099e+07  7.01241e-12
6.74754e+07  7.23915e-12
7.40196e+07  7.47245e-12
8.11984e+07  7.71218e-12
8.90735e+07  7.9586e-12
9.77124e+07  8.2118e-12
1.07189e+08  8.47233e-12
1.17585e+08  8.74044e-12
1.28989e+08  9.01593e-12
1.41499e+08  9.29909e-12
1.55223e+08  9.59014e-12
1.70277e+08  9.88915e-12
1.86791e+08  1.01969e-11
2.04907e+08  1.05132e-11
2.24781e+08  1.08383e-11
2.46581e+08  1.11726e-11
2.70496e+08  1.15161e-11
2.9673e+08  1.18693e-11
3.25509e+08  1.22324e-11
3.57079e+08  1.26055e-11
3.9171e+08  1.29886e-11
4.297e+08  1.33821e-11
4.71375e+08  1.37861e-11
5.17092e+08  1.42009e-11
5.67243e+08  1.46272e-11
6.22257e+08  1.50656e-11
6.82607e+08  1.55162e-11
7.4881e+08  1.59796e-11
8.21434e+08  1.64559e-11
9.01102e+08  1.69453e-11
9.88496e+08  1.74485e-11
1.08437e+09  1.79648e-11
1.18953e+09  1.84944e-11
1.3049e+09  1.90375e-11
1.43146e+09  1.95945e-11
1.57029e+09  2.01662e-11
1.72259e+09  2.07532e-11
1.88965e+09  2.13557e-11
2.07292e+09  2.19744e-11
2.27397e+09  2.26098e-11
2.49451e+09  2.32614e-11
2.73644e+09  2.39296e-11
3.00184e+09  2.46149e-11
3.29297e+09  2.53185e-11
3.61234e+09  2.60396e-11
3.96269e+09  2.67789e-11
4.34701e+09  2.75367e-11
4.76861e+09  2.8313e-11
5.2311e+09  2.91082e-11
5.73844e+09  2.99226e-11
6.29499e+09  3.07567e-11
6.90551e+09  3.16119e-11
7.57525e+09  3.24881e-11
8.30994e+09  3.33859e-11
9.11589e+09  3.43057e-11
1e+10  3.52474e-11
