100  1.91175e-15
109.699  2.25372e-15
120.338  2.63416e-15
132.009  3.05757e-15
144.812  3.52778e-15
158.857  4.0443e-15
174.263  4.61661e-15
191.164  5.24624e-15
209.705  5.92762e-15
230.043  6.67658e-15
252.354  7.49739e-15
276.829  8.39486e-15
303.677  9.37225e-15
333.129  1.04402e-14
365.438  1.16041e-14
400.881  1.28802e-14
439.76  1.42601e-14
482.411  1.57651e-14
529.198  1.74058e-14
580.523  1.91844e-14
636.825  2.11112e-14
698.588  2.32029e-14
766.341  2.5484e-14
840.665  2.79533e-14
922.198  3.06205e-14
1011.64  3.35128e-14
1109.75  3.66411e-14
1217.38  4.003e-14
1335.45  4.36797e-14
1464.97  4.76264e-14
1607.05  5.18731e-14
1762.91  5.64644e-14
1933.89  6.13958e-14
2121.45  6.6707e-14
2327.2  7.24014e-14
2552.91  7.85153e-14
2800.5  8.50634e-14
3072.11  9.20734e-14
3370.06  9.9564e-14
3696.91  1.07549e-13
4055.46  1.16052e-13
4448.78  1.25087e-13
4880.25  1.34704e-13
5353.57  1.44879e-13
5872.79  1.55619e-13
6442.36  1.66948e-13
7067.18  1.78866e-13
7752.6  1.91449e-13
8504.49  2.0465e-13
9329.3  2.18419e-13
10234.1  2.3274e-13
11226.7  2.47608e-13
12315.5  2.63096e-13
13509.9  2.79204e-13
14820.2  2.95776e-13
16257.6  3.12763e-13
17834.3  3.30194e-13
19564  3.48177e-13
21461.4  3.66497e-13
23542.9  3.8504e-13
25826.2  4.03936e-13
28331  4.23048e-13
31078.7  4.42382e-13
34092.9  4.61928e-13
37399.4  4.81406e-13
41026.6  5.01129e-13
45005.6  5.2079e-13
49370.5  5.40223e-13
54158.7  5.59762e-13
59411.3  5.79069e-13
65173.4  5.98087e-13
71494.3  6.17096e-13
78428.2  6.35723e-13
86034.6  6.54095e-13
94378.8  6.72193e-13
103532  6.89811e-13
113573  7.07143e-13
124588  7.24072e-13
136672  7.40283e-13
149927  7.5629e-13
164468  7.71589e-13
180419  7.86347e-13
197917  8.00704e-13
217112  8.14366e-13
238169  8.27498e-13
261268  8.40096e-13
286607  8.52134e-13
314404  8.63585e-13
344896  8.74398e-13
378346  8.84783e-13
415040  8.94632e-13
455294  9.03831e-13
499451  9.1239e-13
547890  9.20704e-13
601028  9.28446e-13
659319  9.35629e-13
723263  9.42334e-13
793410  9.48702e-13
870359  9.54682e-13
954772  9.60224e-13
1.04737e+06  9.6532e-13
1.14895e+06  9.70136e-13
1.26038e+06  9.74579e-13
1.38262e+06  9.7866e-13
1.51672e+06  9.82548e-13
1.66382e+06  9.86186e-13
1.82518e+06  9.89531e-13
2.0022e+06  9.92677e-13
2.19639e+06  9.9565e-13
2.4094e+06  9.98367e-13
2.64308e+06  1.00085e-12
2.89942e+06  1.00312e-12
3.18063e+06  1.00519e-12
3.4891e+06  1.00712e-12
3.82749e+06  1.00888e-12
4.19871e+06  1.01049e-12
4.60592e+06  1.01198e-12
5.05263e+06  1.01339e-12
5.54266e+06  1.01467e-12
6.08022e+06  1.01584e-12
6.66992e+06  1.01691e-12
7.31681e+06  1.01788e-12
8.02643e+06  1.01878e-12
8.80488e+06  1.01959e-12
9.65883e+06  1.02034e-12
1.05956e+07  1.02103e-12
1.16232e+07  1.02166e-12
1.27505e+07  1.02223e-12
1.39871e+07  1.02276e-12
1.53437e+07  1.02323e-12
1.68318e+07  1.02367e-12
1.84642e+07  1.02406e-12
2.0255e+07  1.02442e-12
2.22195e+07  1.02475e-12
2.43744e+07  1.02505e-12
2.67384e+07  1.02533e-12
2.93317e+07  1.02558e-12
3.21764e+07  1.02581e-12
3.52971e+07  1.02601e-12
3.87204e+07  1.0262e-12
4.24757e+07  1.02638e-12
4.65953e+07  1.02653e-12
5.11143e+07  1.02668e-12
5.60717e+07  1.02681e-12
6.15099e+07  1.02693e-12
6.74754e+07  1.02703e-12
7.40196e+07  1.02713e-12
8.11984e+07  1.02722e-12
8.90735e+07  1.0273e-12
9.77124e+07  1.02738e-12
1.07189e+08  1.02744e-12
1.17585e+08  1.0275e-12
1.28989e+08  1.02756e-12
1.41499e+08  1.02761e-12
1.55223e+08  1.02766e-12
1.70277e+08  1.0277e-12
1.86791e+08  1.02773e-12
2.04907e+08  1.02777e-12
2.24781e+08  1.0278e-12
2.46581e+08  1.02784e-12
2.70496e+08  1.02786e-12
2.9673e+08  1.02789e-12
3.25509e+08  1.02792e-12
3.57079e+08  1.02794e-12
3.9171e+08  1.02796e-12
4.297e+08  1.02798e-12
4.71375e+08  1.028e-12
5.17092e+08  1.02801e-12
5.67243e+08  1.02803e-12
6.22257e+08  1.02804e-12
6.82607e+08  1.02805e-12
7.4881e+08  1.02806e-12
8.21434e+08  1.02807e-12
9.01102e+08  1.02808e-12
9.88496e+08  1.02809e-12
1.08437e+09  1.0281e-12
1.18953e+09  1.02811e-12
1.3049e+09  1.02811e-12
1.43146e+09  1.02812e-12
1.57029e+09  1.02812e-12
1.72259e+09  1.02813e-12
1.88965e+09  1.02813e-12
2.07292e+09  1.02814e-12
2.27397e+09  1.02814e-12
2.49451e+09  1.02814e-12
2.73644e+09  1.02815e-12
3.00184e+09  1.02815e-12
3.29297e+09  1.02815e-12
3.61234e+09  1.02815e-12
3.96269e+09  1.02815e-12
4.34701e+09  1.02815e-12
4.76861e+09  1.02815e-12
5.2311e+09  1.02815e-12
5.73844e+09  1.02815e-12
6.29499e+09  1.02816e-12
6.90551e+09  1.02815e-12
7.57525e+09  1.02815e-12
8.30994e+09  1.02815e-12
9.11589e+09  1.02815e-12
1e+10  1.02815e-12
