100  4.18257e-11
109.699  4.60763e-11
120.338  5.07434e-11
132.009  5.5879e-11
144.812  6.15258e-11
158.857  6.77412e-11
174.263  7.45664e-11
191.164  8.20603e-11
209.705  9.02776e-11
230.043  9.92943e-11
252.354  1.09199e-10
276.829  1.20117e-10
303.677  1.32087e-10
333.129  1.45204e-10
365.438  1.59581e-10
400.881  1.75382e-10
439.76  1.92763e-10
482.411  2.11799e-10
529.198  2.32651e-10
580.523  2.55466e-10
636.825  2.80457e-10
698.588  3.07912e-10
766.341  3.37976e-10
840.665  3.70851e-10
922.198  4.06762e-10
1011.64  4.45997e-10
1109.75  4.88816e-10
1217.38  5.3567e-10
1335.45  5.86957e-10
1464.97  6.42884e-10
1607.05  7.03787e-10
1762.91  7.70044e-10
1933.89  8.42116e-10
2121.45  9.21035e-10
2327.2  1.00677e-09
2552.91  1.09975e-09
2800.5  1.20086e-09
3072.11  1.31104e-09
3370.06  1.43023e-09
3696.91  1.55905e-09
4055.46  1.69947e-09
4448.78  1.85091e-09
4880.25  2.01381e-09
5353.57  2.19001e-09
5872.79  2.38027e-09
6442.36  2.58412e-09
7067.18  2.80282e-09
7752.6  3.03891e-09
8504.49  3.29053e-09
9329.3  3.56127e-09
10234.1  3.85011e-09
11226.7  4.16023e-09
12315.5  4.48968e-09
13509.9  4.8427e-09
14820.2  5.21589e-09
16257.6  5.61379e-09
17834.3  6.03335e-09
19564  6.47843e-09
21461.4  6.94629e-09
23542.9  7.44428e-09
25826.2  7.96931e-09
28331  8.52163e-09
31078.7  9.10641e-09
34092.9  9.72039e-09
37399.4  1.03595e-08
41026.6  1.10328e-08
45005.6  1.17346e-08
49370.5  1.24685e-08
54158.7  1.32387e-08
59411.3  1.40442e-08
65173.4  1.48856e-08
71494.3  1.57659e-08
78428.2  1.66785e-08
86034.6  1.76241e-08
94378.8  1.86081e-08
103532  1.9638e-08
113573  2.07128e-08
124588  2.18297e-08
136672  2.2987e-08
149927  2.41808e-08
164468  2.54187e-08
180419  2.67095e-08
197917  2.80547e-08
217112  2.94539e-08
238169  3.09023e-08
261268  3.23951e-08
286607  3.39352e-08
314404  3.55292e-08
344896  3.71948e-08
378346  3.89347e-08
415040  4.07303e-08
455294  4.2579e-08
499451  4.44854e-08
547890  4.64549e-08
601028  4.85035e-08
659319  5.06369e-08
723263  5.28476e-08
793410  5.51213e-08
870359  5.74599e-08
954772  5.98745e-08
1.04737e+06  6.23823e-08
1.14895e+06  6.49929e-08
1.26038e+06  6.76957e-08
1.38262e+06  7.04713e-08
1.51672e+06  7.33167e-08
1.66382e+06  7.62527e-08
1.82518e+06  7.93045e-08
2.0022e+06  8.24924e-08
2.19639e+06  8.57705e-08
2.4094e+06  8.9129e-08
2.64308e+06  9.25622e-08
2.89942e+06  9.61048e-08
3.18063e+06  9.98312e-08
3.4891e+06  1.03669e-07
3.82749e+06  1.07613e-07
4.19871e+06  1.1164e-07
4.60592e+06  1.15761e-07
5.05263e+06  1.20067e-07
5.54266e+06  1.24525e-07
6.08022e+06  1.29113e-07
6.66992e+06  1.33842e-07
7.31681e+06  1.38702e-07
8.02643e+06  1.43693e-07
8.80488e+06  1.48843e-07
9.65883e+06  1.54163e-07
1.05956e+07  1.597e-07
1.16232e+07  1.65371e-07
1.27505e+07  1.71133e-07
1.39871e+07  1.77039e-07
1.53437e+07  1.83217e-07
1.68318e+07  1.89605e-07
1.84642e+07  1.96163e-07
2.0255e+07  2.02854e-07
2.22195e+07  2.09702e-07
2.43744e+07  2.1681e-07
2.67384e+07  2.24133e-07
2.93317e+07  2.31683e-07
3.21764e+07  2.39501e-07
3.52971e+07  2.47472e-07
3.87204e+07  2.55592e-07
4.24757e+07  2.6393e-07
4.65953e+07  2.72696e-07
5.11143e+07  2.81691e-07
5.60717e+07  2.90886e-07
6.15099e+07  3.00224e-07
6.74754e+07  3.09851e-07
7.40196e+07  3.19848e-07
8.11984e+07  3.30102e-07
8.90735e+07  3.40709e-07
9.77124e+07  3.51593e-07
1.07189e+08  3.6263e-07
1.17585e+08  3.73927e-07
1.28989e+08  3.85737e-07
1.41499e+08  3.97922e-07
1.55223e+08  4.1038e-07
1.70277e+08  4.23034e-07
1.86791e+08  4.36016e-07
2.04907e+08  4.49473e-07
2.24781e+08  4.63294e-07
2.46581e+08  4.77571e-07
2.70496e+08  4.92267e-07
2.9673e+08  5.07173e-07
3.25509e+08  5.22322e-07
3.57079e+08  5.38121e-07
3.9171e+08  5.54509e-07
4.297e+08  5.71201e-07
4.71375e+08  5.88205e-07
5.17092e+08  6.05666e-07
5.67243e+08  6.23601e-07
6.22257e+08  6.42053e-07
6.82607e+08  6.61201e-07
7.4881e+08  6.80831e-07
8.21434e+08  7.00772e-07
9.01102e+08  7.20963e-07
9.88496e+08  7.4198e-07
1.08437e+09  7.63805e-07
1.18953e+09  7.85996e-07
1.3049e+09  8.08739e-07
1.43146e+09  8.32012e-07
1.57029e+09  8.55701e-07
1.72259e+09  8.80142e-07
1.88965e+09  9.05676e-07
2.07292e+09  9.31624e-07
2.27397e+09  9.57968e-07
2.49451e+09  9.84721e-07
2.73644e+09  1.01264e-06
3.00184e+09  1.04146e-06
3.29297e+09  1.07101e-06
3.61234e+09  1.10042e-06
3.96269e+09  1.12595e-06
4.34701e+09  1.14674e-06
4.76861e+09  1.16288e-06
5.2311e+09  1.17387e-06
5.73844e+09  1.17985e-06
6.29499e+09  1.181e-06
6.90551e+09  1.18155e-06
7.57525e+09  1.18271e-06
8.30994e+09  1.18457e-06
9.11589e+09  1.18658e-06
1e+10  1.1887e-06
