100  1.71865e-10
109.699  1.86877e-10
120.338  2.03202e-10
132.009  2.20963e-10
144.812  2.40325e-10
158.857  2.61383e-10
174.263  2.84289e-10
191.164  3.09187e-10
209.705  3.36282e-10
230.043  3.658e-10
252.354  3.97878e-10
276.829  4.32752e-10
303.677  4.70619e-10
333.129  5.11783e-10
365.438  5.56441e-10
400.881  6.05076e-10
439.76  6.57898e-10
482.411  7.15167e-10
529.198  7.77331e-10
580.523  8.44745e-10
636.825  9.17753e-10
698.588  9.97037e-10
766.341  1.08296e-09
840.665  1.17586e-09
922.198  1.27637e-09
1011.64  1.38515e-09
1109.75  1.50268e-09
1217.38  1.6296e-09
1335.45  1.76647e-09
1464.97  1.91376e-09
1607.05  2.0727e-09
1762.91  2.24354e-09
1933.89  2.42712e-09
2121.45  2.62388e-09
2327.2  2.83488e-09
2552.91  3.06101e-09
2800.5  3.30245e-09
3072.11  3.56035e-09
3370.06  3.83561e-09
3696.91  4.12786e-09
4055.46  4.43805e-09
4448.78  4.76776e-09
4880.25  5.11598e-09
5353.57  5.48304e-09
5872.79  5.87128e-09
6442.36  6.27851e-09
7067.18  6.70767e-09
7752.6  7.1557e-09
8504.49  7.62413e-09
9329.3  8.11212e-09
10234.1  8.61874e-09
11226.7  9.14505e-09
12315.5  9.69061e-09
13509.9  1.02523e-08
14820.2  1.08307e-08
16257.6  1.14233e-08
17834.3  1.20308e-08
19564  1.26508e-08
21461.4  1.32844e-08
23542.9  1.3925e-08
25826.2  1.45748e-08
28331  1.52303e-08
31078.7  1.58913e-08
34092.9  1.65566e-08
37399.4  1.72222e-08
41026.6  1.7886e-08
45005.6  1.85484e-08
49370.5  1.92064e-08
54158.7  1.98588e-08
59411.3  2.05055e-08
65173.4  2.11385e-08
71494.3  2.17645e-08
78428.2  2.23789e-08
86034.6  2.29778e-08
94378.8  2.35646e-08
103532  2.41324e-08
113573  2.4686e-08
124588  2.5225e-08
136672  2.57429e-08
149927  2.62424e-08
164468  2.67223e-08
180419  2.71837e-08
197917  2.76277e-08
217112  2.80494e-08
238169  2.84539e-08
261268  2.88346e-08
286607  2.92e-08
314404  2.95444e-08
344896  2.98726e-08
378346  3.01795e-08
415040  3.04713e-08
455294  3.07438e-08
499451  3.09998e-08
547890  3.12399e-08
601028  3.14661e-08
659319  3.16775e-08
723263  3.18742e-08
793410  3.20562e-08
870359  3.2227e-08
954772  3.23861e-08
1.04737e+06  3.25317e-08
1.14895e+06  3.26665e-08
1.26038e+06  3.2794e-08
1.38262e+06  3.29106e-08
1.51672e+06  3.30171e-08
1.66382e+06  3.31172e-08
1.82518e+06  3.32103e-08
2.0022e+06  3.32954e-08
2.19639e+06  3.33731e-08
2.4094e+06  3.34442e-08
2.64308e+06  3.35095e-08
2.89942e+06  3.357e-08
3.18063e+06  3.36253e-08
3.4891e+06  3.36766e-08
3.82749e+06  3.37238e-08
4.19871e+06  3.37669e-08
4.60592e+06  3.38062e-08
5.05263e+06  3.38421e-08
5.54266e+06  3.38749e-08
6.08022e+06  3.39048e-08
6.66992e+06  3.39321e-08
7.31681e+06  3.39571e-08
8.02643e+06  3.39801e-08
8.80488e+06  3.40012e-08
9.65883e+06  3.40204e-08
1.05956e+07  3.4038e-08
1.16232e+07  3.4054e-08
1.27505e+07  3.40686e-08
1.39871e+07  3.40819e-08
1.53437e+07  3.40941e-08
1.68318e+07  3.41051e-08
1.84642e+07  3.41152e-08
2.0255e+07  3.41244e-08
2.22195e+07  3.41328e-08
2.43744e+07  3.41405e-08
2.67384e+07  3.41474e-08
2.93317e+07  3.41538e-08
3.21764e+07  3.41596e-08
3.52971e+07  3.41649e-08
3.87204e+07  3.41697e-08
4.24757e+07  3.41741e-08
4.65953e+07  3.41782e-08
5.11143e+07  3.41819e-08
5.60717e+07  3.41853e-08
6.15099e+07  3.41884e-08
6.74754e+07  3.41912e-08
7.40196e+07  3.41937e-08
8.11984e+07  3.4196e-08
8.90735e+07  3.41981e-08
9.77124e+07  3.42e-08
1.07189e+08  3.42018e-08
1.17585e+08  3.42033e-08
1.28989e+08  3.42048e-08
1.41499e+08  3.4206e-08
1.55223e+08  3.42072e-08
1.70277e+08  3.42084e-08
1.86791e+08  3.42095e-08
2.04907e+08  3.42105e-08
2.24781e+08  3.42114e-08
2.46581e+08  3.42123e-08
2.70496e+08  3.42131e-08
2.9673e+08  3.42138e-08
3.25509e+08  3.42144e-08
3.57079e+08  3.4215e-08
3.9171e+08  3.42156e-08
4.297e+08  3.42161e-08
4.71375e+08  3.42166e-08
5.17092e+08  3.4217e-08
5.67243e+08  3.42174e-08
6.22257e+08  3.42177e-08
6.82607e+08  3.4218e-08
7.4881e+08  3.42183e-08
8.21434e+08  3.42186e-08
9.01102e+08  3.42188e-08
9.88496e+08  3.42191e-08
1.08437e+09  3.42193e-08
1.18953e+09  3.42194e-08
1.3049e+09  3.42196e-08
1.43146e+09  3.42197e-08
1.57029e+09  3.42199e-08
1.72259e+09  3.422e-08
1.88965e+09  3.42201e-08
2.07292e+09  3.42202e-08
2.27397e+09  3.42202e-08
2.49451e+09  3.42203e-08
2.73644e+09  3.42204e-08
3.00184e+09  3.42204e-08
3.29297e+09  3.42204e-08
3.61234e+09  3.42205e-08
3.96269e+09  3.42205e-08
4.34701e+09  3.42205e-08
4.76861e+09  3.42205e-08
5.2311e+09  3.42205e-08
5.73844e+09  3.42205e-08
6.29499e+09  3.42205e-08
6.90551e+09  3.42204e-08
7.57525e+09  3.42204e-08
8.30994e+09  3.42204e-08
9.11589e+09  3.42203e-08
1e+10  3.42203e-08
