100  1.26357e-11
109.699  1.41445e-11
120.338  1.58252e-11
132.009  1.7697e-11
144.812  1.97798e-11
158.857  2.20861e-11
174.263  2.46411e-11
191.164  2.74818e-11
209.705  3.06291e-11
230.043  3.41031e-11
252.354  3.7946e-11
276.829  4.2185e-11
303.677  4.68761e-11
333.129  5.20637e-11
365.438  5.7804e-11
400.881  6.41319e-11
439.76  7.11068e-11
482.411  7.87915e-11
529.198  8.72645e-11
580.523  9.66641e-11
636.825  1.07e-10
698.588  1.18385e-10
766.341  1.30949e-10
840.665  1.4481e-10
922.198  1.60038e-10
1011.64  1.76768e-10
1109.75  1.95259e-10
1217.38  2.15562e-10
1335.45  2.37862e-10
1464.97  2.62286e-10
1607.05  2.89071e-10
1762.91  3.18452e-10
1933.89  3.50738e-10
2121.45  3.8607e-10
2327.2  4.24664e-10
2552.91  4.66795e-10
2800.5  5.12732e-10
3072.11  5.63104e-10
3370.06  6.18044e-10
3696.91  6.77844e-10
4055.46  7.42749e-10
4448.78  8.13879e-10
4880.25  8.91016e-10
5353.57  9.74808e-10
5872.79  1.06613e-09
6442.36  1.16465e-09
7067.18  1.27175e-09
7752.6  1.38761e-09
8504.49  1.51217e-09
9329.3  1.64677e-09
10234.1  1.79197e-09
11226.7  1.94726e-09
12315.5  2.11425e-09
13509.9  2.29357e-09
14820.2  2.48489e-09
16257.6  2.6905e-09
17834.3  2.91067e-09
19564  3.14487e-09
21461.4  3.39696e-09
23542.9  3.66269e-09
25826.2  3.94716e-09
28331  4.24585e-09
31078.7  4.56396e-09
34092.9  4.89833e-09
37399.4  5.2508e-09
41026.6  5.62587e-09
45005.6  6.02254e-09
49370.5  6.44052e-09
54158.7  6.87886e-09
59411.3  7.34099e-09
65173.4  7.82438e-09
71494.3  8.32765e-09
78428.2  8.8546e-09
86034.6  9.40993e-09
94378.8  9.99291e-09
103532  1.06035e-08
113573  1.12432e-08
124588  1.19075e-08
136672  1.25962e-08
149927  1.33125e-08
164468  1.40623e-08
180419  1.4849e-08
197917  1.5669e-08
217112  1.65213e-08
238169  1.74033e-08
261268  1.8314e-08
286607  1.92616e-08
314404  2.02513e-08
344896  2.12843e-08
378346  2.23586e-08
415040  2.34704e-08
455294  2.46146e-08
499451  2.58028e-08
547890  2.70427e-08
601028  2.83344e-08
659319  2.96746e-08
723263  3.10557e-08
793410  3.24779e-08
870359  3.39423e-08
954772  3.547e-08
1.04737e+06  3.70689e-08
1.14895e+06  3.87226e-08
1.26038e+06  4.04253e-08
1.38262e+06  4.21756e-08
1.51672e+06  4.39713e-08
1.66382e+06  4.5843e-08
1.82518e+06  4.78028e-08
2.0022e+06  4.9823e-08
2.19639e+06  5.19024e-08
2.4094e+06  5.40344e-08
2.64308e+06  5.62196e-08
2.89942e+06  5.85042e-08
3.18063e+06  6.08806e-08
3.4891e+06  6.33269e-08
3.82749e+06  6.58428e-08
4.19871e+06  6.84178e-08
4.60592e+06  7.10731e-08
5.05263e+06  7.38315e-08
5.54266e+06  7.66839e-08
6.08022e+06  7.96363e-08
6.66992e+06  8.26832e-08
7.31681e+06  8.58017e-08
8.02643e+06  8.90026e-08
8.80488e+06  9.23084e-08
9.65883e+06  9.57556e-08
1.05956e+07  9.93177e-08
1.16232e+07  1.02966e-07
1.27505e+07  1.06673e-07
1.39871e+07  1.1048e-07
1.53437e+07  1.1448e-07
1.68318e+07  1.186e-07
1.84642e+07  1.22832e-07
2.0255e+07  1.27155e-07
2.22195e+07  1.31588e-07
2.43744e+07  1.36181e-07
2.67384e+07  1.40915e-07
2.93317e+07  1.45811e-07
3.21764e+07  1.50874e-07
3.52971e+07  1.56033e-07
3.87204e+07  1.6129e-07
4.24757e+07  1.66696e-07
4.65953e+07  1.72384e-07
5.11143e+07  1.78217e-07
5.60717e+07  1.84185e-07
6.15099e+07  1.90246e-07
6.74754e+07  1.96493e-07
7.40196e+07  2.02986e-07
8.11984e+07  2.09651e-07
8.90735e+07  2.16546e-07
9.77124e+07  2.23621e-07
1.07189e+08  2.30798e-07
1.17585e+08  2.38148e-07
1.28989e+08  2.45824e-07
1.41499e+08  2.53758e-07
1.55223e+08  2.61875e-07
1.70277e+08  2.70121e-07
1.86791e+08  2.78557e-07
2.04907e+08  2.87329e-07
2.24781e+08  2.96345e-07
2.46581e+08  3.05644e-07
2.70496e+08  3.15224e-07
2.9673e+08  3.24952e-07
3.25509e+08  3.34843e-07
3.57079e+08  3.45123e-07
3.9171e+08  3.5583e-07
4.297e+08  3.6674e-07
4.71375e+08  3.77854e-07
5.17092e+08  3.89219e-07
5.67243e+08  4.00947e-07
6.22257e+08  4.1302e-07
6.82607e+08  4.25495e-07
7.4881e+08  4.38341e-07
8.21434e+08  4.51396e-07
9.01102e+08  4.6459e-07
9.88496e+08  4.78303e-07
1.08437e+09  4.92604e-07
1.18953e+09  5.07122e-07
1.3049e+09  5.21999e-07
1.43146e+09  5.37219e-07
1.57029e+09  5.52747e-07
1.72259e+09  5.68714e-07
1.88965e+09  5.85433e-07
2.07292e+09  6.02456e-07
2.27397e+09  6.19743e-07
2.49451e+09  6.37261e-07
2.73644e+09  6.55503e-07
3.00184e+09  6.74429e-07
3.29297e+09  6.93803e-07
3.61234e+09  7.1317e-07
3.96269e+09  7.30121e-07
4.34701e+09  7.43997e-07
4.76861e+09  7.5486e-07
5.2311e+09  7.62376e-07
5.73844e+09  7.66636e-07
6.29499e+09  7.68087e-07
6.90551e+09  7.72016e-07
7.57525e+09  7.77626e-07
8.30994e+09  7.8411e-07
9.11589e+09  7.90948e-07
1e+10  7.98149e-07
