100  1.11961e-11
109.699  1.27003e-11
120.338  1.43955e-11
132.009  1.62846e-11
144.812  1.83941e-11
158.857  2.07446e-11
174.263  2.33611e-11
191.164  2.62736e-11
209.705  2.95158e-11
230.043  3.31101e-11
252.354  3.71018e-11
276.829  4.15435e-11
303.677  4.64803e-11
333.129  5.19826e-11
365.438  5.81077e-11
400.881  6.49155e-11
439.76  7.24578e-11
482.411  8.08342e-11
529.198  9.00851e-11
580.523  1.00335e-10
636.825  1.1168e-10
698.588  1.24228e-10
766.341  1.38087e-10
840.665  1.53403e-10
922.198  1.7034e-10
1011.64  1.88995e-10
1109.75  2.09594e-10
1217.38  2.32314e-10
1335.45  2.57392e-10
1464.97  2.85027e-10
1607.05  3.15506e-10
1762.91  3.49114e-10
1933.89  3.86183e-10
2121.45  4.27015e-10
2327.2  4.71968e-10
2552.91  5.21442e-10
2800.5  5.75839e-10
3072.11  6.35574e-10
3370.06  7.01209e-10
3696.91  7.73264e-10
4055.46  8.52299e-10
4448.78  9.38887e-10
4880.25  1.03377e-09
5353.57  1.13733e-09
5872.79  1.25072e-09
6442.36  1.37464e-09
7067.18  1.51002e-09
7752.6  1.65753e-09
8504.49  1.81816e-09
9329.3  1.99326e-09
10234.1  2.1841e-09
11226.7  2.3916e-09
12315.5  2.61722e-09
13509.9  2.86251e-09
14820.2  3.12853e-09
16257.6  3.41762e-09
17834.3  3.73038e-09
19564  4.06801e-09
21461.4  4.43265e-09
23542.9  4.82626e-09
25826.2  5.24916e-09
28331  5.70367e-09
31078.7  6.19236e-09
34092.9  6.71585e-09
37399.4  7.27665e-09
41026.6  7.87767e-09
45005.6  8.52079e-09
49370.5  9.20989e-09
54158.7  9.94716e-09
59411.3  1.07324e-08
65173.4  1.15691e-08
71494.3  1.24574e-08
78428.2  1.33989e-08
86034.6  1.43946e-08
94378.8  1.54472e-08
103532  1.65604e-08
113573  1.7736e-08
124588  1.89844e-08
136672  2.03045e-08
149927  2.16968e-08
164468  2.31641e-08
180419  2.4702e-08
197917  2.63162e-08
217112  2.80051e-08
238169  2.97748e-08
261268  3.16294e-08
286607  3.3587e-08
314404  3.56426e-08
344896  3.77924e-08
378346  4.00399e-08
415040  4.23775e-08
455294  4.48094e-08
499451  4.73421e-08
547890  4.99908e-08
601028  5.27707e-08
659319  5.56774e-08
723263  5.87045e-08
793410  6.18465e-08
870359  6.51017e-08
954772  6.84726e-08
1.04737e+06  7.19871e-08
1.14895e+06  7.56624e-08
1.26038e+06  7.94982e-08
1.38262e+06  8.34846e-08
1.51672e+06  8.76189e-08
1.66382e+06  9.18874e-08
1.82518e+06  9.62947e-08
2.0022e+06  1.00872e-07
2.19639e+06  1.05661e-07
2.4094e+06  1.10653e-07
2.64308e+06  1.15826e-07
2.89942e+06  1.21157e-07
3.18063e+06  1.26657e-07
3.4891e+06  1.32338e-07
3.82749e+06  1.38237e-07
4.19871e+06  1.44396e-07
4.60592e+06  1.50793e-07
5.05263e+06  1.57392e-07
5.54266e+06  1.64199e-07
6.08022e+06  1.71197e-07
6.66992e+06  1.78422e-07
7.31681e+06  1.85949e-07
8.02643e+06  1.93779e-07
8.80488e+06  2.01878e-07
9.65883e+06  2.10206e-07
1.05956e+07  2.18762e-07
1.16232e+07  2.27556e-07
1.27505e+07  2.36681e-07
1.39871e+07  2.46192e-07
1.53437e+07  2.56028e-07
1.68318e+07  2.66155e-07
1.84642e+07  2.76526e-07
2.0255e+07  2.87184e-07
2.22195e+07  2.98174e-07
2.43744e+07  3.09622e-07
2.67384e+07  3.21505e-07
2.93317e+07  3.33723e-07
3.21764e+07  3.46269e-07
3.52971e+07  3.59128e-07
3.87204e+07  3.72383e-07
4.24757e+07  3.86147e-07
4.65953e+07  4.00417e-07
5.11143e+07  4.15092e-07
5.60717e+07  4.30173e-07
6.15099e+07  4.45545e-07
6.74754e+07  4.61359e-07
7.40196e+07  4.77799e-07
8.11984e+07  4.94842e-07
8.90735e+07  5.1241e-07
9.77124e+07  5.30401e-07
1.07189e+08  5.48774e-07
1.17585e+08  5.67642e-07
1.28989e+08  5.87199e-07
1.41499e+08  6.07498e-07
1.55223e+08  6.28395e-07
1.70277e+08  6.49775e-07
1.86791e+08  6.71583e-07
2.04907e+08  6.93981e-07
2.24781e+08  7.17187e-07
2.46581e+08  7.4128e-07
2.70496e+08  7.66102e-07
2.9673e+08  7.91423e-07
3.25509e+08  8.17305e-07
3.57079e+08  8.43838e-07
3.9171e+08  8.71315e-07
4.297e+08  8.99829e-07
4.71375e+08  9.29143e-07
5.17092e+08  9.58997e-07
5.67243e+08  9.89508e-07
6.22257e+08  1.02082e-06
6.82607e+08  1.05331e-06
7.4881e+08  1.08694e-06
8.21434e+08  1.12145e-06
9.01102e+08  1.15672e-06
9.88496e+08  1.19261e-06
1.08437e+09  1.22951e-06
1.18953e+09  1.26782e-06
1.3049e+09  1.30739e-06
1.43146e+09  1.34791e-06
1.57029e+09  1.38922e-06
1.72259e+09  1.43135e-06
1.88965e+09  1.47472e-06
2.07292e+09  1.51975e-06
2.27397e+09  1.56619e-06
2.49451e+09  1.61363e-06
2.73644e+09  1.66207e-06
3.00184e+09  1.71143e-06
3.29297e+09  1.76232e-06
3.61234e+09  1.81512e-06
3.96269e+09  1.8695e-06
4.34701e+09  1.925e-06
4.76861e+09  1.98152e-06
5.2311e+09  2.03925e-06
5.73844e+09  2.09886e-06
6.29499e+09  2.16067e-06
6.90551e+09  2.22409e-06
7.57525e+09  2.28874e-06
8.30994e+09  2.35442e-06
9.11589e+09  2.42178e-06
1e+10  2.49153e-06
