100  1.99518e-11
109.699  2.16825e-11
120.338  2.35633e-11
132.009  2.56148e-11
144.812  2.78492e-11
158.857  3.02769e-11
174.263  3.292e-11
191.164  3.57915e-11
209.705  3.89154e-11
230.043  4.23177e-11
252.354  4.6017e-11
276.829  5.00408e-11
303.677  5.44119e-11
333.129  5.91624e-11
365.438  6.43223e-11
400.881  6.99347e-11
439.76  7.60384e-11
482.411  8.26631e-11
529.198  8.98525e-11
580.523  9.76634e-11
636.825  1.06147e-10
698.588  1.15346e-10
766.341  1.25316e-10
840.665  1.36118e-10
922.198  1.47813e-10
1011.64  1.60492e-10
1109.75  1.74213e-10
1217.38  1.89042e-10
1335.45  2.05049e-10
1464.97  2.22312e-10
1607.05  2.40961e-10
1762.91  2.61076e-10
1933.89  2.82724e-10
2121.45  3.06014e-10
2327.2  3.31085e-10
2552.91  3.57926e-10
2800.5  3.86704e-10
3072.11  4.17498e-10
3370.06  4.50468e-10
3696.91  4.85605e-10
4055.46  5.22998e-10
4448.78  5.62831e-10
4880.25  6.05151e-10
5353.57  6.50037e-10
5872.79  6.97532e-10
6442.36  7.47551e-10
7067.18  8.00389e-10
7752.6  8.55847e-10
8504.49  9.13985e-10
9329.3  9.74894e-10
10234.1  1.03861e-09
11226.7  1.10495e-09
12315.5  1.17369e-09
13509.9  1.24508e-09
14820.2  1.31868e-09
16257.6  1.39469e-09
17834.3  1.47308e-09
19564  1.55312e-09
21461.4  1.63528e-09
23542.9  1.71868e-09
25826.2  1.8037e-09
28331  1.89016e-09
31078.7  1.97736e-09
34092.9  2.06547e-09
37399.4  2.15384e-09
41026.6  2.24273e-09
45005.6  2.33165e-09
49370.5  2.42048e-09
54158.7  2.50843e-09
59411.3  2.59601e-09
65173.4  2.6829e-09
71494.3  2.7685e-09
78428.2  2.85263e-09
86034.6  2.93536e-09
94378.8  3.01652e-09
103532  3.09567e-09
113573  3.17302e-09
124588  3.24789e-09
136672  3.32086e-09
149927  3.3915e-09
164468  3.45966e-09
180419  3.52486e-09
197917  3.58796e-09
217112  3.64865e-09
238169  3.7063e-09
261268  3.76176e-09
286607  3.8141e-09
314404  3.8642e-09
344896  3.91173e-09
378346  3.95677e-09
415040  3.99932e-09
455294  4.03944e-09
499451  4.07694e-09
547890  4.11265e-09
601028  4.14591e-09
659319  4.17746e-09
723263  4.20651e-09
793410  4.23407e-09
870359  4.25946e-09
954772  4.2832e-09
1.04737e+06  4.30524e-09
1.14895e+06  4.32571e-09
1.26038e+06  4.34476e-09
1.38262e+06  4.36257e-09
1.51672e+06  4.37891e-09
1.66382e+06  4.39414e-09
1.82518e+06  4.40806e-09
2.0022e+06  4.42083e-09
2.19639e+06  4.43272e-09
2.4094e+06  4.44374e-09
2.64308e+06  4.45388e-09
2.89942e+06  4.46314e-09
3.18063e+06  4.47159e-09
3.4891e+06  4.47931e-09
3.82749e+06  4.48636e-09
4.19871e+06  4.49295e-09
4.60592e+06  4.49905e-09
5.05263e+06  4.50465e-09
5.54266e+06  4.50976e-09
6.08022e+06  4.51443e-09
6.66992e+06  4.51869e-09
7.31681e+06  4.52257e-09
8.02643e+06  4.52612e-09
8.80488e+06  4.52936e-09
9.65883e+06  4.53237e-09
1.05956e+07  4.53513e-09
1.16232e+07  4.53765e-09
1.27505e+07  4.53995e-09
1.39871e+07  4.54205e-09
1.53437e+07  4.54396e-09
1.68318e+07  4.54571e-09
1.84642e+07  4.5473e-09
2.0255e+07  4.54876e-09
2.22195e+07  4.55009e-09
2.43744e+07  4.5513e-09
2.67384e+07  4.5524e-09
2.93317e+07  4.55341e-09
3.21764e+07  4.55433e-09
3.52971e+07  4.55517e-09
3.87204e+07  4.55594e-09
4.24757e+07  4.55664e-09
4.65953e+07  4.55728e-09
5.11143e+07  4.55786e-09
5.60717e+07  4.55839e-09
6.15099e+07  4.55888e-09
6.74754e+07  4.55932e-09
7.40196e+07  4.55973e-09
8.11984e+07  4.56009e-09
8.90735e+07  4.56043e-09
9.77124e+07  4.56074e-09
1.07189e+08  4.56101e-09
1.17585e+08  4.56127e-09
1.28989e+08  4.5615e-09
1.41499e+08  4.56171e-09
1.55223e+08  4.5619e-09
1.70277e+08  4.56208e-09
1.86791e+08  4.56224e-09
2.04907e+08  4.56238e-09
2.24781e+08  4.56251e-09
2.46581e+08  4.56263e-09
2.70496e+08  4.56274e-09
2.9673e+08  4.56284e-09
3.25509e+08  4.56293e-09
3.57079e+08  4.56301e-09
3.9171e+08  4.56308e-09
4.297e+08  4.56315e-09
4.71375e+08  4.56321e-09
5.17092e+08  4.56326e-09
5.67243e+08  4.56331e-09
6.22257e+08  4.56335e-09
6.82607e+08  4.56339e-09
7.4881e+08  4.56342e-09
8.21434e+08  4.56345e-09
9.01102e+08  4.56347e-09
9.88496e+08  4.5635e-09
1.08437e+09  4.56351e-09
1.18953e+09  4.56353e-09
1.3049e+09  4.56354e-09
1.43146e+09  4.56355e-09
1.57029e+09  4.56356e-09
1.72259e+09  4.56357e-09
1.88965e+09  4.56357e-09
2.07292e+09  4.56358e-09
2.27397e+09  4.5636e-09
2.49451e+09  4.56363e-09
2.73644e+09  4.56365e-09
3.00184e+09  4.56367e-09
3.29297e+09  4.56369e-09
3.61234e+09  4.56371e-09
3.96269e+09  4.56372e-09
4.34701e+09  4.56374e-09
4.76861e+09  4.56375e-09
5.2311e+09  4.56377e-09
5.73844e+09  4.56378e-09
6.29499e+09  4.56379e-09
6.90551e+09  4.5638e-09
7.57525e+09  4.56381e-09
8.30994e+09  4.56382e-09
9.11589e+09  4.56383e-09
1e+10  4.56383e-09
