100  3.79101e-10
109.699  4.11983e-10
120.338  4.47721e-10
132.009  4.86701e-10
144.812  5.29155e-10
158.857  5.75285e-10
174.263  6.25505e-10
191.164  6.80068e-10
209.705  7.39423e-10
230.043  8.04068e-10
252.354  8.74359e-10
276.829  9.50817e-10
303.677  1.03387e-09
333.129  1.12413e-09
365.438  1.22218e-09
400.881  1.32881e-09
439.76  1.44479e-09
482.411  1.57066e-09
529.198  1.70727e-09
580.523  1.85568e-09
636.825  2.01688e-09
698.588  2.19167e-09
766.341  2.38109e-09
840.665  2.58634e-09
922.198  2.80858e-09
1011.64  3.04948e-09
1109.75  3.31018e-09
1217.38  3.59195e-09
1335.45  3.8961e-09
1464.97  4.2241e-09
1607.05  4.57845e-09
1762.91  4.96064e-09
1933.89  5.37199e-09
2121.45  5.81451e-09
2327.2  6.29086e-09
2552.91  6.80089e-09
2800.5  7.34769e-09
3072.11  7.93279e-09
3370.06  8.55925e-09
3696.91  9.22688e-09
4055.46  9.93738e-09
4448.78  1.06942e-08
4880.25  1.14983e-08
5353.57  1.23512e-08
5872.79  1.32537e-08
6442.36  1.4204e-08
7067.18  1.5208e-08
7752.6  1.62618e-08
8504.49  1.73664e-08
9329.3  1.85238e-08
10234.1  1.97345e-08
11226.7  2.0995e-08
12315.5  2.23011e-08
13509.9  2.36575e-08
14820.2  2.50558e-08
16257.6  2.65001e-08
17834.3  2.79897e-08
19564  2.95105e-08
21461.4  3.10716e-08
23542.9  3.26563e-08
25826.2  3.42718e-08
28331  3.59145e-08
31078.7  3.75714e-08
34092.9  3.92456e-08
37399.4  4.09247e-08
41026.6  4.26136e-08
45005.6  4.43032e-08
49370.5  4.5991e-08
54158.7  4.76622e-08
59411.3  4.93263e-08
65173.4  5.09772e-08
71494.3  5.26037e-08
78428.2  5.42023e-08
86034.6  5.57741e-08
94378.8  5.73163e-08
103532  5.882e-08
113573  6.029e-08
124588  6.17125e-08
136672  6.30989e-08
149927  6.44412e-08
164468  6.57362e-08
180419  6.69752e-08
197917  6.8174e-08
217112  6.9327e-08
238169  7.04226e-08
261268  7.14766e-08
286607  7.24709e-08
314404  7.34227e-08
344896  7.43259e-08
378346  7.51817e-08
415040  7.59903e-08
455294  7.67526e-08
499451  7.74652e-08
547890  7.81437e-08
601028  7.87755e-08
659319  7.9375e-08
723263  7.99269e-08
793410  8.04507e-08
870359  8.09331e-08
954772  8.13841e-08
1.04737e+06  8.18029e-08
1.14895e+06  8.21918e-08
1.26038e+06  8.25537e-08
1.38262e+06  8.28922e-08
1.51672e+06  8.32027e-08
1.66382e+06  8.3492e-08
1.82518e+06  8.37564e-08
2.0022e+06  8.39992e-08
2.19639e+06  8.42252e-08
2.4094e+06  8.44345e-08
2.64308e+06  8.46271e-08
2.89942e+06  8.4803e-08
3.18063e+06  8.49637e-08
3.4891e+06  8.51104e-08
3.82749e+06  8.52445e-08
4.19871e+06  8.53697e-08
4.60592e+06  8.54855e-08
5.05263e+06  8.55919e-08
5.54266e+06  8.56891e-08
6.08022e+06  8.57777e-08
6.66992e+06  8.58587e-08
7.31681e+06  8.59325e-08
8.02643e+06  8.59999e-08
8.80488e+06  8.60614e-08
9.65883e+06  8.61187e-08
1.05956e+07  8.61712e-08
1.16232e+07  8.6219e-08
1.27505e+07  8.62627e-08
1.39871e+07  8.63026e-08
1.53437e+07  8.6339e-08
1.68318e+07  8.63722e-08
1.84642e+07  8.64025e-08
2.0255e+07  8.64301e-08
2.22195e+07  8.64553e-08
2.43744e+07  8.64784e-08
2.67384e+07  8.64994e-08
2.93317e+07  8.65185e-08
3.21764e+07  8.6536e-08
3.52971e+07  8.6552e-08
3.87204e+07  8.65666e-08
4.24757e+07  8.65799e-08
4.65953e+07  8.6592e-08
5.11143e+07  8.66031e-08
5.60717e+07  8.66132e-08
6.15099e+07  8.66224e-08
6.74754e+07  8.66308e-08
7.40196e+07  8.66385e-08
8.11984e+07  8.66455e-08
8.90735e+07  8.66518e-08
9.77124e+07  8.66577e-08
1.07189e+08  8.6663e-08
1.17585e+08  8.66678e-08
1.28989e+08  8.66722e-08
1.41499e+08  8.66762e-08
1.55223e+08  8.66799e-08
1.70277e+08  8.66832e-08
1.86791e+08  8.66862e-08
2.04907e+08  8.6689e-08
2.24781e+08  8.66915e-08
2.46581e+08  8.66937e-08
2.70496e+08  8.66958e-08
2.9673e+08  8.66976e-08
3.25509e+08  8.66993e-08
3.57079e+08  8.67009e-08
3.9171e+08  8.67022e-08
4.297e+08  8.67035e-08
4.71375e+08  8.67046e-08
5.17092e+08  8.67056e-08
5.67243e+08  8.67065e-08
6.22257e+08  8.67073e-08
6.82607e+08  8.6708e-08
7.4881e+08  8.67086e-08
8.21434e+08  8.67092e-08
9.01102e+08  8.67097e-08
9.88496e+08  8.67101e-08
1.08437e+09  8.67104e-08
1.18953e+09  8.67107e-08
1.3049e+09  8.6711e-08
1.43146e+09  8.67112e-08
1.57029e+09  8.67114e-08
1.72259e+09  8.67115e-08
1.88965e+09  8.67115e-08
2.07292e+09  8.67117e-08
2.27397e+09  8.67122e-08
2.49451e+09  8.67126e-08
2.73644e+09  8.6713e-08
3.00184e+09  8.67134e-08
3.29297e+09  8.67138e-08
3.61234e+09  8.67141e-08
3.96269e+09  8.67144e-08
4.34701e+09  8.67147e-08
4.76861e+09  8.6715e-08
5.2311e+09  8.67153e-08
5.73844e+09  8.67155e-08
6.29499e+09  8.67157e-08
6.90551e+09  8.67159e-08
7.57525e+09  8.67161e-08
8.30994e+09  8.67163e-08
9.11589e+09  8.67164e-08
1e+10  8.67165e-08
