100  2.61354e-12
109.699  2.87362e-12
120.338  3.15899e-12
132.009  3.47199e-12
144.812  3.81572e-12
158.857  4.19275e-12
174.263  4.60682e-12
191.164  5.06046e-12
209.705  5.55855e-12
230.043  6.10513e-12
252.354  6.70383e-12
276.829  7.3611e-12
303.677  8.08161e-12
333.129  8.8725e-12
365.438  9.73932e-12
400.881  1.06898e-11
439.76  1.17325e-11
482.411  1.28746e-11
529.198  1.41272e-11
580.523  1.54996e-11
636.825  1.70041e-11
698.588  1.86525e-11
766.341  2.04567e-11
840.665  2.24332e-11
922.198  2.45971e-11
1011.64  2.69638e-11
1109.75  2.95524e-11
1217.38  3.23884e-11
1335.45  3.5489e-11
1464.97  3.88806e-11
1607.05  4.25891e-11
1762.91  4.66399e-11
1933.89  5.10637e-11
2121.45  5.58965e-11
2327.2  6.11683e-11
2552.91  6.69203e-11
2800.5  7.31945e-11
3072.11  8.0038e-11
3370.06  8.74929e-11
3696.91  9.56076e-11
4055.46  1.04453e-10
4448.78  1.14065e-10
4880.25  1.24524e-10
5353.57  1.35884e-10
5872.79  1.48211e-10
6442.36  1.61588e-10
7067.18  1.76071e-10
7752.6  1.91789e-10
8504.49  2.08807e-10
9329.3  2.27193e-10
10234.1  2.4704e-10
11226.7  2.68446e-10
12315.5  2.91558e-10
13509.9  3.16405e-10
14820.2  3.43124e-10
16257.6  3.71782e-10
17834.3  4.02569e-10
19564  4.35505e-10
21461.4  4.70702e-10
23542.9  5.08404e-10
25826.2  5.486e-10
28331  5.9142e-10
31078.7  6.3711e-10
34092.9  6.85611e-10
37399.4  7.37235e-10
41026.6  7.91971e-10
45005.6  8.4984e-10
49370.5  9.11111e-10
54158.7  9.75665e-10
59411.3  1.04381e-09
65173.4  1.11537e-09
71494.3  1.19076e-09
78428.2  1.26986e-09
86034.6  1.35317e-09
94378.8  1.44043e-09
103532  1.53207e-09
113573  1.62785e-09
124588  1.72799e-09
136672  1.83235e-09
149927  1.941e-09
164468  2.05404e-09
180419  2.17185e-09
197917  2.29472e-09
217112  2.42281e-09
238169  2.55598e-09
261268  2.69427e-09
286607  2.83773e-09
314404  2.98604e-09
344896  3.13961e-09
378346  3.29887e-09
415040  3.46432e-09
455294  3.63645e-09
499451  3.81462e-09
547890  3.99913e-09
601028  4.18905e-09
659319  4.38525e-09
723263  4.58786e-09
793410  4.79841e-09
870359  5.01722e-09
954772  5.24342e-09
1.04737e+06  5.47683e-09
1.14895e+06  5.71682e-09
1.26038e+06  5.96417e-09
1.38262e+06  6.22004e-09
1.51672e+06  6.48595e-09
1.66382e+06  6.76158e-09
1.82518e+06  7.04581e-09
2.0022e+06  7.33874e-09
2.19639e+06  7.63981e-09
2.4094e+06  7.95006e-09
2.64308e+06  8.27177e-09
2.89942e+06  8.60607e-09
3.18063e+06  8.95093e-09
3.4891e+06  9.30652e-09
3.82749e+06  9.67154e-09
4.19871e+06  1.00467e-08
4.60592e+06  1.04348e-08
5.05263e+06  1.08379e-08
5.54266e+06  1.12549e-08
6.08022e+06  1.16844e-08
6.66992e+06  1.21247e-08
7.31681e+06  1.25771e-08
8.02643e+06  1.30438e-08
8.80488e+06  1.35286e-08
9.65883e+06  1.40308e-08
1.05956e+07  1.45469e-08
1.16232e+07  1.50762e-08
1.27505e+07  1.56187e-08
1.39871e+07  1.61776e-08
1.53437e+07  1.67582e-08
1.68318e+07  1.73596e-08
1.84642e+07  1.7978e-08
2.0255e+07  1.8611e-08
2.22195e+07  1.92588e-08
2.43744e+07  1.99254e-08
2.67384e+07  2.06174e-08
2.93317e+07  2.13339e-08
3.21764e+07  2.20714e-08
3.52971e+07  2.28285e-08
3.87204e+07  2.36018e-08
4.24757e+07  2.43985e-08
4.65953e+07  2.52238e-08
5.11143e+07  2.60774e-08
5.60717e+07  2.69546e-08
6.15099e+07  2.78515e-08
6.74754e+07  2.87689e-08
7.40196e+07  2.97122e-08
8.11984e+07  3.06906e-08
8.90735e+07  3.17023e-08
9.77124e+07  3.27413e-08
1.07189e+08  3.3806e-08
1.17585e+08  3.48909e-08
1.28989e+08  3.60072e-08
1.41499e+08  3.71653e-08
1.55223e+08  3.83615e-08
1.70277e+08  3.95886e-08
1.86791e+08  4.0843e-08
2.04907e+08  4.21227e-08
2.24781e+08  4.34411e-08
2.46581e+08  4.48078e-08
2.70496e+08  4.62205e-08
2.9673e+08  4.76674e-08
3.25509e+08  4.91421e-08
3.57079e+08  5.06522e-08
3.9171e+08  5.22049e-08
4.297e+08  5.38153e-08
4.71375e+08  5.54773e-08
5.17092e+08  5.71777e-08
5.67243e+08  5.89057e-08
6.22257e+08  6.06766e-08
6.82607e+08  6.25036e-08
7.4881e+08  6.43983e-08
8.21434e+08  6.6347e-08
9.01102e+08  6.83386e-08
9.88496e+08  7.03691e-08
1.08437e+09  7.24457e-08
1.18953e+09  7.45909e-08
1.3049e+09  7.68132e-08
1.43146e+09  7.90952e-08
1.57029e+09  8.14202e-08
1.72259e+09  8.37889e-08
1.88965e+09  8.62181e-08
2.07292e+09  8.87342e-08
2.27397e+09  9.13328e-08
2.49451e+09  9.3998e-08
2.73644e+09  9.67094e-08
3.00184e+09  9.94718e-08
3.29297e+09  1.02313e-07
3.61234e+09  1.05258e-07
3.96269e+09  1.08293e-07
4.34701e+09  1.11395e-07
4.76861e+09  1.14553e-07
5.2311e+09  1.17772e-07
5.73844e+09  1.2109e-07
6.29499e+09  1.24526e-07
6.90551e+09  1.28058e-07
7.57525e+09  1.31667e-07
8.30994e+09  1.3533e-07
9.11589e+09  1.39076e-07
1e+10  1.42946e-07
