100  4.67094e-13
109.699  5.14497e-13
120.338  5.66529e-13
132.009  6.23792e-13
144.812  6.86743e-13
158.857  7.56016e-13
174.263  8.32028e-13
191.164  9.1545e-13
209.705  1.00689e-12
230.043  1.10717e-12
252.354  1.21753e-12
276.829  1.33888e-12
303.677  1.47184e-12
333.129  1.61745e-12
365.438  1.77693e-12
400.881  1.95268e-12
439.76  2.14529e-12
482.411  2.35605e-12
529.198  2.5867e-12
580.523  2.83889e-12
636.825  3.11561e-12
698.588  3.41897e-12
766.341  3.75025e-12
840.665  4.11199e-12
922.198  4.50651e-12
1011.64  4.93681e-12
1109.75  5.40726e-12
1217.38  5.92184e-12
1335.45  6.48213e-12
1464.97  7.09137e-12
1607.05  7.75315e-12
1762.91  8.47399e-12
1933.89  9.26044e-12
2121.45  1.01124e-11
2327.2  1.10349e-11
2552.91  1.2042e-11
2800.5  1.31312e-11
3072.11  1.43062e-11
3370.06  1.55846e-11
3696.91  1.6964e-11
4055.46  1.84457e-11
4448.78  2.00453e-11
4880.25  2.17712e-11
5353.57  2.36171e-11
5872.79  2.55963e-11
6442.36  2.77275e-11
7067.18  2.99933e-11
7752.6  3.24357e-11
8504.49  3.50274e-11
9329.3  3.78185e-11
10234.1  4.07682e-11
11226.7  4.39328e-11
12315.5  4.72609e-11
13509.9  5.08182e-11
14820.2  5.4541e-11
16257.6  5.85079e-11
17834.3  6.26694e-11
19564  6.70613e-11
21461.4  7.17279e-11
23542.9  7.66319e-11
25826.2  8.17614e-11
28331  8.71721e-11
31078.7  9.28159e-11
34092.9  9.8681e-11
37399.4  1.04827e-10
41026.6  1.11279e-10
45005.6  1.18041e-10
49370.5  1.25107e-10
54158.7  1.32464e-10
59411.3  1.40079e-10
65173.4  1.4797e-10
71494.3  1.56184e-10
78428.2  1.64766e-10
86034.6  1.73733e-10
94378.8  1.83051e-10
103532  1.92716e-10
113573  2.02721e-10
124588  2.13037e-10
136672  2.23725e-10
149927  2.34941e-10
164468  2.46591e-10
180419  2.58661e-10
197917  2.71105e-10
217112  2.83919e-10
238169  2.97205e-10
261268  3.11019e-10
286607  3.25386e-10
314404  3.40278e-10
344896  3.55638e-10
378346  3.71423e-10
415040  3.87797e-10
455294  4.04816e-10
499451  4.22496e-10
547890  4.40772e-10
601028  4.59568e-10
659319  4.78873e-10
723263  4.9888e-10
793410  5.19684e-10
870359  5.41268e-10
954772  5.6351e-10
1.04737e+06  5.86401e-10
1.14895e+06  6.09913e-10
1.26038e+06  6.3426e-10
1.38262e+06  6.59477e-10
1.51672e+06  6.85601e-10
1.66382e+06  7.12558e-10
1.82518e+06  7.40311e-10
2.0022e+06  7.68817e-10
2.19639e+06  7.98092e-10
2.4094e+06  8.28392e-10
2.64308e+06  8.59979e-10
2.89942e+06  8.92578e-10
3.18063e+06  9.25936e-10
3.4891e+06  9.59996e-10
3.82749e+06  9.94926e-10
4.19871e+06  1.03153e-09
4.60592e+06  1.06951e-09
5.05263e+06  1.10843e-09
5.54266e+06  1.14825e-09
6.08022e+06  1.18894e-09
6.66992e+06  1.2313e-09
7.31681e+06  1.27517e-09
8.02643e+06  1.32018e-09
8.80488e+06  1.36658e-09
9.65883e+06  1.41413e-09
1.05956e+07  1.46279e-09
1.16232e+07  1.51289e-09
1.27505e+07  1.56496e-09
1.39871e+07  1.61894e-09
1.53437e+07  1.67412e-09
1.68318e+07  1.73028e-09
1.84642e+07  1.7876e-09
2.0255e+07  1.84762e-09
2.22195e+07  1.90968e-09
2.43744e+07  1.97309e-09
2.67384e+07  2.03802e-09
2.93317e+07  2.10468e-09
3.21764e+07  2.17316e-09
3.52971e+07  2.24376e-09
3.87204e+07  2.31704e-09
4.24757e+07  2.39249e-09
4.65953e+07  2.46934e-09
5.11143e+07  2.5473e-09
5.60717e+07  2.62786e-09
6.15099e+07  2.71228e-09
6.74754e+07  2.79842e-09
7.40196e+07  2.88643e-09
8.11984e+07  2.97656e-09
8.90735e+07  3.06913e-09
9.77124e+07  3.1643e-09
1.07189e+08  3.26286e-09
1.17585e+08  3.36482e-09
1.28989e+08  3.46861e-09
1.41499e+08  3.57398e-09
1.55223e+08  3.68165e-09
1.70277e+08  3.79485e-09
1.86791e+08  3.9109e-09
2.04907e+08  4.02921e-09
2.24781e+08  4.15018e-09
2.46581e+08  4.27447e-09
2.70496e+08  4.40142e-09
2.9673e+08  4.53306e-09
3.25509e+08  4.66984e-09
3.57079e+08  4.80858e-09
3.9171e+08  4.94949e-09
4.297e+08  5.09319e-09
4.71375e+08  5.24367e-09
5.17092e+08  5.39824e-09
5.67243e+08  5.5561e-09
6.22257e+08  5.71775e-09
6.82607e+08  5.8832e-09
7.4881e+08  6.05116e-09
8.21434e+08  6.22617e-09
9.01102e+08  6.40794e-09
9.88496e+08  6.59168e-09
1.08437e+09  6.778e-09
1.18953e+09  6.97021e-09
1.3049e+09  7.16808e-09
1.43146e+09  7.37135e-09
1.57029e+09  7.58169e-09
1.72259e+09  7.79587e-09
1.88965e+09  8.0134e-09
2.07292e+09  8.23457e-09
2.27397e+09  8.46752e-09
2.49451e+09  8.70746e-09
2.73644e+09  8.94903e-09
3.00184e+09  9.16663e-09
3.29297e+09  9.34854e-09
3.61234e+09  9.49037e-09
3.96269e+09  9.5929e-09
4.34701e+09  9.65201e-09
4.76861e+09  9.67043e-09
5.2311e+09  9.67011e-09
5.73844e+09  9.66981e-09
6.29499e+09  9.67357e-09
6.90551e+09  9.67734e-09
7.57525e+09  9.68078e-09
8.30994e+09  9.68391e-09
9.11589e+09  9.68677e-09
1e+10  9.68938e-09
