100  1.00934e-11
109.699  1.10965e-11
120.338  1.2197e-11
132.009  1.34059e-11
144.812  1.47315e-11
158.857  1.61876e-11
174.263  1.77851e-11
191.164  1.95365e-11
209.705  2.14608e-11
230.043  2.35704e-11
252.354  2.58833e-11
276.829  2.84219e-11
303.677  3.12055e-11
333.129  3.42615e-11
365.438  3.76104e-11
400.881  4.12858e-11
439.76  4.53162e-11
482.411  4.97315e-11
529.198  5.45772e-11
580.523  5.98861e-11
636.825  6.57093e-11
698.588  7.20882e-11
766.341  7.9074e-11
840.665  8.67304e-11
922.198  9.51137e-11
1011.64  1.04288e-10
1109.75  1.14329e-10
1217.38  1.25328e-10
1335.45  1.37359e-10
1464.97  1.50529e-10
1607.05  1.64937e-10
1762.91  1.80685e-10
1933.89  1.97897e-10
2121.45  2.16729e-10
2327.2  2.37287e-10
2552.91  2.59728e-10
2800.5  2.84252e-10
3072.11  3.10998e-10
3370.06  3.40209e-10
3696.91  3.72032e-10
4055.46  4.06724e-10
4448.78  4.44504e-10
4880.25  4.85613e-10
5353.57  5.3038e-10
5872.79  5.79092e-10
6442.36  6.32014e-10
7067.18  6.89501e-10
7752.6  7.5183e-10
8504.49  8.19476e-10
9329.3  8.92784e-10
10234.1  9.72151e-10
11226.7  1.05809e-09
12315.5  1.15083e-09
13509.9  1.25091e-09
14820.2  1.35887e-09
16257.6  1.47522e-09
17834.3  1.60017e-09
19564  1.73443e-09
21461.4  1.87873e-09
23542.9  2.03332e-09
25826.2  2.19861e-09
28331  2.37559e-09
31078.7  2.56467e-09
34092.9  2.76607e-09
37399.4  2.98116e-09
41026.6  3.21009e-09
45005.6  3.45319e-09
49370.5  3.7116e-09
54158.7  3.98495e-09
59411.3  4.27461e-09
65173.4  4.57997e-09
71494.3  4.90252e-09
78428.2  5.24182e-09
86034.6  5.59932e-09
94378.8  5.97511e-09
103532  6.37083e-09
113573  6.7864e-09
124588  7.22207e-09
136672  7.67863e-09
149927  8.15611e-09
164468  8.65397e-09
180419  9.17324e-09
197917  9.7133e-09
217112  1.02776e-08
238169  1.08654e-08
261268  1.14796e-08
286607  1.21179e-08
314404  1.27825e-08
344896  1.34705e-08
378346  1.41843e-08
415040  1.49223e-08
455294  1.56892e-08
499451  1.64868e-08
547890  1.7316e-08
601028  1.81757e-08
659319  1.9065e-08
723263  1.99831e-08
793410  2.09305e-08
870359  2.19108e-08
954772  2.29288e-08
1.04737e+06  2.39867e-08
1.14895e+06  2.50827e-08
1.26038e+06  2.62133e-08
1.38262e+06  2.73783e-08
1.51672e+06  2.8577e-08
1.66382e+06  2.98195e-08
1.82518e+06  3.11102e-08
2.0022e+06  3.24483e-08
2.19639e+06  3.38304e-08
2.4094e+06  3.52563e-08
2.64308e+06  3.67204e-08
2.89942e+06  3.82314e-08
3.18063e+06  3.97974e-08
3.4891e+06  4.14236e-08
3.82749e+06  4.31067e-08
4.19871e+06  4.48378e-08
4.60592e+06  4.66214e-08
5.05263e+06  4.8453e-08
5.54266e+06  5.03476e-08
6.08022e+06  5.23165e-08
6.66992e+06  5.43535e-08
7.31681e+06  5.64536e-08
8.02643e+06  5.86074e-08
8.80488e+06  6.08237e-08
9.65883e+06  6.31087e-08
1.05956e+07  6.5481e-08
1.16232e+07  6.79388e-08
1.27505e+07  7.04718e-08
1.39871e+07  7.30688e-08
1.53437e+07  7.57321e-08
1.68318e+07  7.84758e-08
1.84642e+07  8.13226e-08
2.0255e+07  8.42734e-08
2.22195e+07  8.73145e-08
2.43744e+07  9.04343e-08
2.67384e+07  9.36192e-08
2.93317e+07  9.68978e-08
3.21764e+07  1.00299e-07
3.52971e+07  1.03828e-07
3.87204e+07  1.0746e-07
4.24757e+07  1.11192e-07
4.65953e+07  1.15012e-07
5.11143e+07  1.18938e-07
5.60717e+07  1.23005e-07
6.15099e+07  1.27213e-07
6.74754e+07  1.31547e-07
7.40196e+07  1.35988e-07
8.11984e+07  1.40519e-07
8.90735e+07  1.45182e-07
9.77124e+07  1.50013e-07
1.07189e+08  1.55018e-07
1.17585e+08  1.60163e-07
1.28989e+08  1.65433e-07
1.41499e+08  1.7082e-07
1.55223e+08  1.76349e-07
1.70277e+08  1.8208e-07
1.86791e+08  1.88012e-07
2.04907e+08  1.941e-07
2.24781e+08  2.00324e-07
2.46581e+08  2.06688e-07
2.70496e+08  2.13228e-07
2.9673e+08  2.20008e-07
3.25509e+08  2.27019e-07
3.57079e+08  2.34216e-07
3.9171e+08  2.4156e-07
4.297e+08  2.49066e-07
4.71375e+08  2.56784e-07
5.17092e+08  2.64793e-07
5.67243e+08  2.73056e-07
6.22257e+08  2.81541e-07
6.82607e+08  2.90179e-07
7.4881e+08  2.98998e-07
8.21434e+08  3.08102e-07
9.01102e+08  3.17539e-07
9.88496e+08  3.27249e-07
1.08437e+09  3.372e-07
1.18953e+09  3.47339e-07
1.3049e+09  3.57709e-07
1.43146e+09  3.68406e-07
1.57029e+09  3.79496e-07
1.72259e+09  3.90917e-07
1.88965e+09  4.0257e-07
2.07292e+09  4.14441e-07
2.27397e+09  4.26592e-07
2.49451e+09  4.39162e-07
2.73644e+09  4.52168e-07
3.00184e+09  4.65505e-07
3.29297e+09  4.79102e-07
3.61234e+09  4.92957e-07
3.96269e+09  5.07186e-07
4.34701e+09  5.21927e-07
4.76861e+09  5.37136e-07
5.2311e+09  5.52698e-07
5.73844e+09  5.68582e-07
6.29499e+09  5.84759e-07
6.90551e+09  6.01391e-07
7.57525e+09  6.18624e-07
8.30994e+09  6.36374e-07
9.11589e+09  6.54493e-07
1e+10  6.72934e-07
