100  1.77945e-11
109.699  1.95338e-11
120.338  2.1439e-11
132.009  2.35291e-11
144.812  2.58276e-11
158.857  2.83489e-11
174.263  3.11103e-11
191.164  3.41347e-11
209.705  3.74461e-11
230.043  4.10711e-11
252.354  4.50395e-11
276.829  4.93908e-11
303.677  5.41594e-11
333.129  5.93844e-11
365.438  6.51002e-11
400.881  7.13489e-11
439.76  7.81798e-11
482.411  8.5644e-11
529.198  9.37983e-11
580.523  1.02708e-10
636.825  1.12448e-10
698.588  1.23105e-10
766.341  1.34741e-10
840.665  1.4743e-10
922.198  1.61254e-10
1011.64  1.76311e-10
1109.75  1.92695e-10
1217.38  2.10558e-10
1335.45  2.30064e-10
1464.97  2.51265e-10
1607.05  2.74277e-10
1762.91  2.99227e-10
1933.89  3.2627e-10
2121.45  3.55752e-10
2327.2  3.87675e-10
2552.91  4.2216e-10
2800.5  4.5936e-10
3072.11  4.99721e-10
3370.06  5.43333e-10
3696.91  5.90211e-10
4055.46  6.405e-10
4448.78  6.94793e-10
4880.25  7.53146e-10
5353.57  8.15438e-10
5872.79  8.81992e-10
6442.36  9.53623e-10
7067.18  1.02965e-09
7752.6  1.1108e-09
8504.49  1.19738e-09
9329.3  1.28898e-09
10234.1  1.38688e-09
11226.7  1.48982e-09
12315.5  1.59966e-09
13509.9  1.71451e-09
14820.2  1.83661e-09
16257.6  1.96373e-09
17834.3  2.09842e-09
19564  2.23885e-09
21461.4  2.38612e-09
23542.9  2.54135e-09
25826.2  2.7032e-09
28331  2.87149e-09
31078.7  3.04825e-09
34092.9  3.23134e-09
37399.4  3.4205e-09
41026.6  3.61748e-09
45005.6  3.82305e-09
49370.5  4.03699e-09
54158.7  4.2591e-09
59411.3  4.48885e-09
65173.4  4.72596e-09
71494.3  4.97039e-09
78428.2  5.22345e-09
86034.6  5.48662e-09
94378.8  5.75951e-09
103532  6.04177e-09
113573  6.33295e-09
124588  6.63213e-09
136672  6.94103e-09
149927  7.26126e-09
164468  7.59334e-09
180419  7.937e-09
197917  8.29109e-09
217112  8.65491e-09
238169  9.02889e-09
261268  9.41435e-09
286607  9.81735e-09
314404  1.02349e-08
344896  1.0664e-08
378346  1.11046e-08
415040  1.1557e-08
455294  1.2023e-08
499451  1.25093e-08
547890  1.30141e-08
601028  1.35324e-08
659319  1.40639e-08
723263  1.46084e-08
793410  1.517e-08
870359  1.57594e-08
954772  1.63662e-08
1.04737e+06  1.69891e-08
1.14895e+06  1.76269e-08
1.26038e+06  1.82796e-08
1.38262e+06  1.89608e-08
1.51672e+06  1.96675e-08
1.66382e+06  2.03927e-08
1.82518e+06  2.11367e-08
2.0022e+06  2.18989e-08
2.19639e+06  2.26875e-08
2.4094e+06  2.35019e-08
2.64308e+06  2.43414e-08
2.89942e+06  2.52096e-08
3.18063e+06  2.61025e-08
3.4891e+06  2.70139e-08
3.82749e+06  2.79477e-08
4.19871e+06  2.89128e-08
4.60592e+06  2.99238e-08
5.05263e+06  3.09596e-08
5.54266e+06  3.20187e-08
6.08022e+06  3.3097e-08
6.66992e+06  3.42156e-08
7.31681e+06  3.5379e-08
8.02643e+06  3.65697e-08
8.80488e+06  3.77922e-08
9.65883e+06  3.90479e-08
1.05956e+07  4.03344e-08
1.16232e+07  4.16573e-08
1.27505e+07  4.30233e-08
1.39871e+07  4.4446e-08
1.53437e+07  4.58993e-08
1.68318e+07  4.7377e-08
1.84642e+07  4.8884e-08
2.0255e+07  5.04604e-08
2.22195e+07  5.20889e-08
2.43744e+07  5.37521e-08
2.67384e+07  5.54537e-08
2.93317e+07  5.72022e-08
3.21764e+07  5.89965e-08
3.52971e+07  6.08439e-08
3.87204e+07  6.27616e-08
4.24757e+07  6.47342e-08
4.65953e+07  6.67422e-08
5.11143e+07  6.87773e-08
5.60717e+07  7.08868e-08
6.15099e+07  7.30892e-08
6.74754e+07  7.5333e-08
7.40196e+07  7.76286e-08
8.11984e+07  7.99837e-08
8.90735e+07  8.23934e-08
9.77124e+07  8.48689e-08
1.07189e+08  8.74431e-08
1.17585e+08  9.00926e-08
1.28989e+08  9.27886e-08
1.41499e+08  9.55232e-08
1.55223e+08  9.83353e-08
1.70277e+08  1.01275e-07
1.86791e+08  1.04281e-07
2.04907e+08  1.07353e-07
2.24781e+08  1.10504e-07
2.46581e+08  1.13724e-07
2.70496e+08  1.1701e-07
2.9673e+08  1.20442e-07
3.25509e+08  1.2398e-07
3.57079e+08  1.27566e-07
3.9171e+08  1.31208e-07
4.297e+08  1.34957e-07
4.71375e+08  1.38843e-07
5.17092e+08  1.42831e-07
5.67243e+08  1.4692e-07
6.22257e+08  1.51113e-07
6.82607e+08  1.55381e-07
7.4881e+08  1.59723e-07
8.21434e+08  1.64265e-07
9.01102e+08  1.68949e-07
9.88496e+08  1.73677e-07
1.08437e+09  1.78502e-07
1.18953e+09  1.83478e-07
1.3049e+09  1.88569e-07
1.43146e+09  1.93823e-07
1.57029e+09  1.99263e-07
1.72259e+09  2.0477e-07
1.88965e+09  2.10361e-07
2.07292e+09  2.16083e-07
2.27397e+09  2.22097e-07
2.49451e+09  2.28256e-07
2.73644e+09  2.34451e-07
3.00184e+09  2.39937e-07
3.29297e+09  2.44482e-07
3.61234e+09  2.47981e-07
3.96269e+09  2.50449e-07
4.34701e+09  2.5179e-07
4.76861e+09  2.52091e-07
5.2311e+09  2.52082e-07
5.73844e+09  2.52077e-07
6.29499e+09  2.5218e-07
6.90551e+09  2.52275e-07
7.57525e+09  2.52363e-07
8.30994e+09  2.52443e-07
9.11589e+09  2.52515e-07
1e+10  2.52582e-07
