100  9.93769e-12
109.699  1.10771e-11
120.338  1.23442e-11
132.009  1.37625e-11
144.812  1.52647e-11
158.857  1.70337e-11
174.263  1.8924e-11
191.164  2.08579e-11
209.705  2.32215e-11
230.043  2.57856e-11
252.354  2.8419e-11
276.829  3.12526e-11
303.677  3.47811e-11
333.129  3.85851e-11
365.438  4.24904e-11
400.881  4.66858e-11
439.76  5.12982e-11
482.411  5.63475e-11
529.198  6.25918e-11
580.523  6.92855e-11
636.825  7.62747e-11
698.588  8.37135e-11
766.341  9.18346e-11
840.665  1.00701e-10
922.198  1.10377e-10
1011.64  1.20926e-10
1109.75  1.32452e-10
1217.38  1.45064e-10
1335.45  1.58813e-10
1464.97  1.7376e-10
1607.05  1.90005e-10
1762.91  2.07776e-10
1933.89  2.29839e-10
2121.45  2.5284e-10
2327.2  2.76476e-10
2552.91  3.01711e-10
2800.5  3.28994e-10
3072.11  3.58429e-10
3370.06  3.90458e-10
3696.91  4.25013e-10
4055.46  4.62127e-10
4448.78  5.02202e-10
4880.25  5.45432e-10
5353.57  5.91668e-10
5872.79  6.41248e-10
6442.36  6.94627e-10
7067.18  7.51372e-10
7752.6  8.12556e-10
8504.49  8.77469e-10
9329.3  9.47377e-10
10234.1  1.02126e-09
11226.7  1.10051e-09
12315.5  1.18387e-09
13509.9  1.27294e-09
14820.2  1.36617e-09
16257.6  1.46552e-09
17834.3  1.56975e-09
19564  1.6797e-09
21461.4  1.79657e-09
23542.9  1.91939e-09
25826.2  2.04786e-09
28331  2.18329e-09
31078.7  2.32463e-09
34092.9  2.4715e-09
37399.4  2.62532e-09
41026.6  2.78688e-09
45005.6  2.95621e-09
49370.5  3.13315e-09
54158.7  3.31737e-09
59411.3  3.50803e-09
65173.4  3.70558e-09
71494.3  3.9112e-09
78428.2  4.12616e-09
86034.6  4.35069e-09
94378.8  4.58398e-09
103532  4.82591e-09
113573  5.07624e-09
124588  5.33452e-09
136672  5.60223e-09
149927  5.8831e-09
164468  6.17478e-09
180419  6.47696e-09
197917  6.78844e-09
217112  7.10926e-09
238169  7.44186e-09
261268  7.78764e-09
286607  8.14728e-09
314404  8.52008e-09
344896  8.90466e-09
378346  9.29987e-09
415040  9.70989e-09
455294  1.01359e-08
499451  1.05785e-08
547890  1.10359e-08
601028  1.15064e-08
659319  1.19898e-08
723263  1.24909e-08
793410  1.30117e-08
870359  1.35519e-08
954772  1.41085e-08
1.04737e+06  1.46817e-08
1.14895e+06  1.52707e-08
1.26038e+06  1.588e-08
1.38262e+06  1.65112e-08
1.51672e+06  1.71649e-08
1.66382e+06  1.78399e-08
1.82518e+06  1.85349e-08
2.0022e+06  1.92484e-08
2.19639e+06  1.99812e-08
2.4094e+06  2.07396e-08
2.64308e+06  2.15309e-08
2.89942e+06  2.23469e-08
3.18063e+06  2.31818e-08
3.4891e+06  2.40341e-08
3.82749e+06  2.49083e-08
4.19871e+06  2.58257e-08
4.60592e+06  2.67758e-08
5.05263e+06  2.77499e-08
5.54266e+06  2.87468e-08
6.08022e+06  2.97655e-08
6.66992e+06  3.08262e-08
7.31681e+06  3.19244e-08
8.02643e+06  3.30513e-08
8.80488e+06  3.4213e-08
9.65883e+06  3.54034e-08
1.05956e+07  3.66209e-08
1.16232e+07  3.78747e-08
1.27505e+07  3.91794e-08
1.39871e+07  4.05303e-08
1.53437e+07  4.19112e-08
1.68318e+07  4.33162e-08
1.84642e+07  4.47512e-08
2.0255e+07  4.62552e-08
2.22195e+07  4.78078e-08
2.43744e+07  4.93947e-08
2.67384e+07  5.10207e-08
2.93317e+07  5.26897e-08
3.21764e+07  5.44033e-08
3.52971e+07  5.61703e-08
3.87204e+07  5.80064e-08
4.24757e+07  5.98946e-08
4.65953e+07  6.18179e-08
5.11143e+07  6.37679e-08
5.60717e+07  6.57864e-08
6.15099e+07  6.78999e-08
6.74754e+07  7.00549e-08
7.40196e+07  7.22579e-08
8.11984e+07  7.45164e-08
8.90735e+07  7.68321e-08
9.77124e+07  7.92137e-08
1.07189e+08  8.16836e-08
1.17585e+08  8.42347e-08
1.28989e+08  8.6832e-08
1.41499e+08  8.94677e-08
1.55223e+08  9.21655e-08
1.70277e+08  9.49994e-08
1.86791e+08  9.79021e-08
2.04907e+08  1.00864e-07
2.24781e+08  1.03894e-07
2.46581e+08  1.07004e-07
2.70496e+08  1.10181e-07
2.9673e+08  1.13479e-07
3.25509e+08  1.16902e-07
3.57079e+08  1.20374e-07
3.9171e+08  1.239e-07
4.297e+08  1.275e-07
4.71375e+08  1.31266e-07
5.17092e+08  1.35134e-07
5.67243e+08  1.39086e-07
6.22257e+08  1.43134e-07
6.82607e+08  1.47275e-07
7.4881e+08  1.51476e-07
8.21434e+08  1.55861e-07
9.01102e+08  1.60412e-07
9.88496e+08  1.65007e-07
1.08437e+09  1.6967e-07
1.18953e+09  1.74485e-07
1.3049e+09  1.79437e-07
1.43146e+09  1.84523e-07
1.57029e+09  1.89793e-07
1.72259e+09  1.95153e-07
1.88965e+09  2.00596e-07
2.07292e+09  2.06132e-07
2.27397e+09  2.11967e-07
2.49451e+09  2.17971e-07
2.73644e+09  2.24012e-07
3.00184e+09  2.29445e-07
3.29297e+09  2.33982e-07
3.61234e+09  2.37517e-07
3.96269e+09  2.40065e-07
4.34701e+09  2.4153e-07
4.76861e+09  2.41977e-07
5.2311e+09  2.41969e-07
5.73844e+09  2.41962e-07
6.29499e+09  2.42057e-07
6.90551e+09  2.4215e-07
7.57525e+09  2.42236e-07
8.30994e+09  2.42314e-07
9.11589e+09  2.42386e-07
1e+10  2.4245e-07
